EJDTDB,            ECalendar Date (TDB),                      EX,                      EY,                      EZ,                     EVX,                     EVY,                     EVZ,                     ELT,                     ERG,                     ERR,
2451544.500000000, A.D. 2000-Jan-01 00:00:00.0000, -1.756645157282301E-01,  9.659910118824405E-01,  2.022251612712026E-04, -1.722857157049219E-02, -3.015071218794761E-03, -5.861283850800270E-08,  5.670596425595155E-03,  9.818333351535337E-01,  1.160247550646527E-04,
2451545.500000000, A.D. 2000-Jan-02 00:00:00.0000, -1.928665295139997E-01,  9.628248545143007E-01,  2.022355333623191E-04, -1.717452473067176E-02, -3.317116744877597E-03,  7.826269886005447E-08,  5.671280333442162E-03,  9.819517501264866E-01,  1.207682041154498E-04,
2451546.500000000, A.D. 2000-Jan-03 00:00:00.0000, -2.100117004440631E-01,  9.593570564530927E-01,  2.023786720709149E-04, -1.711488395986800E-02, -3.618328033829990E-03,  2.061091140575732E-07,  5.671991022744707E-03,  9.820748021647213E-01,  1.253034829309288E-04,
2451547.500000000, A.D. 2000-Jan-04 00:00:00.0000, -2.270944303953793E-01,  9.555885259542418E-01,  2.026431849317476E-04, -1.704964237210258E-02, -3.918556727661658E-03,  3.202689084813854E-07,  5.672727371750541E-03,  9.822022970428560E-01,  1.296586670251204E-04,
2451548.500000000, A.D. 2000-Jan-05 00:00:00.0000, -2.441091188627624E-01,  9.515203206667118E-01,  2.030132270570122E-04, -1.697880212702654E-02, -4.217652336085644E-03,  4.164949418112361E-07,  5.673488425015127E-03,  9.823340693307988E-01,  1.338634299065792E-04,
2451549.500000000, A.D. 2000-Jan-06 00:00:00.0000, -2.610501722420264E-01,  9.471536498805525E-01,  2.034689250370810E-04, -1.690237501538978E-02, -4.515462084375273E-03,  4.909899535440409E-07,  5.674273405171969E-03,  9.824699844317115E-01,  1.379498783702107E-04,
2451550.500000000, A.D. 2000-Jan-07 00:00:00.0000, -2.779120139621091E-01,  9.424898766535054E-01,  2.039868744633422E-04, -1.682038350322570E-02, -4.811831337485571E-03,  5.405106260345852E-07,  5.675081728535957E-03,  9.826099412836511E-01,  1.419530127357511E-04,
2451551.500000000, A.D. 2000-Jan-08 00:00:00.0000, -2.946890957227520E-01,  9.375305191884160E-01,  2.045407628633756E-04, -1.673286183675796E-02, -5.106604667271021E-03,  5.625092431923615E-07,  5.675913021989956E-03,  9.827538752833884E-01,  1.459107078525460E-04,
2451552.500000000, A.D. 2000-Jan-09 00:00:00.0000, -3.113759097323171E-01,  9.322772508695458E-01,  2.051021402905602E-04, -1.663985689867140E-02, -5.399627433291236E-03,  5.552825759618677E-07,  5.676767138482372E-03,  9.829017609697288E-01,  1.498632723530406E-04,
2451553.500000000, A.D. 2000-Jan-10 00:00:00.0000, -3.279670016124300E-01,  9.267318985594234E-01,  2.056413323411257E-04, -1.654142868012988E-02, -5.690747638656931E-03,  5.181052500834800E-07,  5.677644169159435E-03,  9.830536141241528E-01,  1.538527579612892E-04,
2451554.500000000, A.D. 2000-Jan-11 00:00:00.0000, -3.444569836029387E-01,  9.208964389965189E-01,  2.061284754586886E-04, -1.643765043592875E-02, -5.979817846778967E-03,  4.513416475620675E-07,  5.678544451266006E-03,  9.832094931387985E-01,  1.579222127642872E-04,
2451555.500000000, A.D. 2000-Jan-12 00:00:00.0000, -3.608405478491482E-01,  9.147729932753075E-01,  2.065346584091282E-04, -1.632860873449087E-02, -6.266697112339738E-03,  3.565500895311542E-07,  5.679468571841637E-03,  9.833694996564132E-01,  1.621149727126730E-04,
2451556.500000000, A.D. 2000-Jan-13 00:00:00.0000, -3.771124797776154E-01,  9.083638193090960E-01,  2.068331751184276E-04, -1.621440360776620E-02, -6.551253145272560E-03,  2.366062303063301E-07,  5.680417367206503E-03,  9.835337784813457E-01,  1.664738688793673E-04,
2451557.500000000, A.D. 2000-Jan-14 00:00:00.0000, -3.932676716791408E-01,  9.016713018202083E-01,  2.070009209297068E-04, -1.609514878066258E-02, -6.833365188660009E-03,  9.586876213658676E-08,  5.681391916711863E-03,  9.837025164974739E-01,  1.710399412950240E-04,
2451558.500000000, A.D. 2000-Jan-15 00:00:00.0000, -4.093011363841916E-01,  8.946979388467426E-01,  2.070199748760119E-04, -1.597097149597485E-02, -7.112928199525639E-03, -5.961959288661479E-08,  5.682393526062984E-03,  9.838759397806565E-01,  1.758499866128474E-04,
2451559.500000000, A.D. 2000-Jan-16 00:00:00.0000, -4.252080201230243E-01,  8.874463232516994E-01,  2.068793753376183E-04, -1.584201081809572E-02, -7.389858671100166E-03, -2.219644658060528E-07,  5.683423691273154E-03,  9.840543073575654E-01,  1.809321908977920E-04,
2451560.500000000, A.D. 2000-Jan-17 00:00:00.0000, -4.409836122459722E-01,  8.799191177417356E-01,  2.065769861135157E-04, -1.570841274741874E-02, -7.664101603429345E-03, -3.814396068122333E-07,  5.684484030760310E-03,  9.842378994485792E-01,  1.862994669692201E-04,
2451561.500000000, A.D. 2000-Jan-18 00:00:00.0000, -4.566233477640542E-01,  8.721190230873836E-01,  2.061211566765897E-04, -1.557032054675582E-02, -7.935636656642391E-03, -5.269185248861231E-07,  5.685576173640284E-03,  9.844269981263598E-01,  1.919411972673065E-04,
2451562.500000000, A.D. 2000-Jan-19 00:00:00.0000, -4.721227976402559E-01,  8.640487420416941E-01,  2.055316565452587E-04, -1.542786009355153E-02, -8.204479906303111E-03, -6.469166928957173E-07,  5.686701601168486E-03,  9.846218598623322E-01,  1.978158334691248E-04,
2451563.500000000, A.D. 2000-Jan-20 00:00:00.0000, -4.874776429632375E-01,  8.557109454076847E-01,  2.048392528766556E-04, -1.528112306031417E-02, -8.470677228118187E-03, -7.312326017309984E-07,  5.687861457378117E-03,  9.848226827397035E-01,  2.038483535057726E-04,
2451564.500000000, A.D. 2000-Jan-21 00:00:00.0000, -5.026836336415426E-01,  8.471082497368597E-01,  2.040834920536656E-04, -1.513015395735907E-02, -8.734287768339349E-03, -7.728014273448114E-07,  5.689056368383729E-03,  9.850295751668486E-01,  2.099362214115977E-04,
2451565.500000000, A.D. 2000-Jan-22 00:00:00.0000, -5.177365389179945E-01,  8.382432152664461E-01,  2.033088053050964E-04, -1.497494763016953E-02, -8.995361052827666E-03, -7.690693848484477E-07,  5.690286322484705E-03,  9.852425351178682E-01,  2.159641115508068E-04,
2451566.500000000, A.D. 2000-Jan-23 00:00:00.0000, -5.326321019365514E-01,  8.291183666646321E-01,  2.025597503260974E-04, -1.481545974756341E-02, -9.253915765416405E-03, -7.222790844284559E-07,  5.691550650493740E-03,  9.854614467265722E-01,  2.218227777944855E-04,
2451567.500000000, A.D. 2000-Jan-24 00:00:00.0000, -5.473660098684483E-01,  8.197362307442793E-01,  2.018765783676299E-04, -1.465162628328112E-02, -9.509928008971436E-03, -6.385715473208900E-07,  5.692848109636769E-03,  9.856860948133018E-01,  2.274248853732688E-04,
2451568.500000000, A.D. 2000-Jan-25 00:00:00.0000, -5.619338847136568E-01,  8.100993797944871E-01,  2.012921072565941E-04, -1.448338400321318E-02, -9.763331701597920E-03, -5.263844607313856E-07,  5.694177036652070E-03,  9.859161913932168E-01,  2.327126550702369E-04,
2451569.500000000, A.D. 2000-Jan-26 00:00:00.0000, -5.763312921162265E-01,  8.002104696215518E-01,  2.008302579354945E-04, -1.431068521470845E-02, -1.001402787915050E-02, -3.948334242669584E-07,  5.695535519239557E-03,  9.861514053618219E-01,  2.376568834302694E-04,
2451570.500000000, A.D. 2000-Jan-27 00:00:00.0000, -5.905537608963236E-01,  7.900722662431811E-01,  2.005060042849535E-04, -1.413350444394409E-02, -1.026189713405975E-02, -2.525537572581305E-07,  5.696921544178047E-03,  9.863913881406741E-01,  2.422505220437584E-04,
2451571.500000000, A.D. 2000-Jan-28 00:00:00.0000, -6.045968057494353E-01,  7.796876606166678E-01,  2.003261861669930E-04, -1.395183854012700E-02, -1.050681054101481E-02, -1.071270179709623E-07,  5.698333102314946E-03,  9.866357918557858E-01,  2.465007503006433E-04,
2451572.500000000, A.D. 2000-Jan-29 00:00:00.0000, -6.184559480015314E-01,  7.690596741716962E-01,  2.002906488919111E-04, -1.376570318725873E-02, -1.074863697617084E-02,  3.502971205071975E-08,  5.699768250324834E-03,  9.868842800307908E-01,  2.504222388752833E-04,
2451573.500000000, A.D. 2000-Jan-30 00:00:00.0000, -6.321267322122015E-01,  7.581914589022194E-01,  2.003933454710718E-04, -1.357512844544902E-02, -1.098724678421879E-02,  1.685116047240039E-07,  5.701225139935960E-03,  9.871365326473561E-01,  2.540326899189081E-04,
2451574.500000000, A.D. 2000-Jan-31 00:00:00.0000, -6.456047385488580E-01,  7.470862952478596E-01,  2.006232293466236E-04, -1.338015493733972E-02, -1.122251271884840E-02,  2.886831831100660E-07,  5.702702028125410E-03,  9.873922479104196E-01,  2.573506506885104E-04,
2451575.500000000, A.D. 2000-Feb-01 00:00:00.0000, -6.588855920008713E-01,  7.357475899291800E-01,  2.009649085479423E-04, -1.318083140605731E-02, -1.145430927328442E-02,  3.914582520955800E-07,  5.704197280147284E-03,  9.876511427725022E-01,  2.603951227846515E-04,
2451576.500000000, A.D. 2000-Feb-02 00:00:00.0000, -6.719649699216068E-01,  7.241788748438535E-01,  2.013991189565562E-04, -1.297721380898267E-02, -1.168251137201514E-02,  4.731652707810345E-07,  5.705709374090548E-03,  9.879129537228777E-01,  2.631863874222060E-04,
2451577.500000000, A.D. 2000-Feb-03 00:00:00.0000, -6.848386093799590E-01,  7.123838072650608E-01,  2.019031183435792E-04, -1.276936580072347E-02, -1.190699318511540E-02,  5.305259272057468E-07,  5.707236912392217E-03,  9.881774387810158E-01,  2.657475025726248E-04,
2451578.500000000, A.D. 2000-Feb-04 00:00:00.0000, -6.975023155560728E-01,  7.003661709177542E-01,  2.024511179055123E-04, -1.255736026967121E-02, -1.212762763914277E-02,  5.607503809404081E-07,  5.708778642737681E-03,  9.884443811153643E-01,  2.681059774453506E-04,
2451579.500000000, A.D. 2000-Feb-05 00:00:00.0000, -7.099519720055519E-01,  6.881298770247763E-01,  2.030148610502665E-04, -1.234128144798637E-02, -1.234428701457369E-02,  5.617319790312605E-07,  5.710333488041251E-03,  9.887135942343159E-01,  2.702951707903052E-04,
2451580.500000000, A.D. 2000-Feb-06 00:00:00.0000, -7.221835530798012E-01,  6.756789641322938E-01,  2.035644321049506E-04, -1.212122701199503E-02, -1.255684479577428E-02,  5.323048040511585E-07,  5.711900582747385E-03,  9.889849282715756E-01,  2.723550253286029E-04,
2451581.500000000, A.D. 2000-Feb-07 00:00:00.0000, -7.341931381911988E-01,  6.630175954912502E-01,  2.040693329233578E-04, -1.189730957848901E-02, -1.276517866777054E-02,  4.725126219527060E-07,  5.713479310797673E-03,  9.892582765599348E-01,  2.743318827826150E-04,
2451582.500000000, A.D. 2000-Feb-08 00:00:00.0000, -7.459769270695950E-01,  6.501500530132548E-01,  2.044998110390413E-04, -1.166965713235221E-02, -1.296917429166218E-02,  3.838344414671093E-07,  5.715069339692942E-03,  9.895335815289477E-01,  2.762773268970151E-04,
2451583.500000000, A.D. 2000-Feb-09 00:00:00.0000, -7.575312548142603E-01,  6.370807272761432E-01,  2.048283731477466E-04, -1.143841218128027E-02, -1.316872934079574E-02,  2.693243996728705E-07,  5.716670645416073E-03,  9.898108390201784E-01,  2.782462177005850E-04,
2451584.500000000, A.D. 2000-Feb-10 00:00:00.0000, -7.688526054894574E-01,  6.238141035672773E-01,  2.050313871610760E-04, -1.120372972209104E-02, -1.336375732491380E-02,  1.336483568771369E-07,  5.718283524357880E-03,  9.900901003521058E-01,  2.802942069626256E-04,
2451585.500000000, A.D. 2000-Feb-11 00:00:00.0000, -7.799376231938674E-01,  6.103547443245720E-01,  2.050906711858418E-04, -1.096577426454316E-02, -1.355419095246404E-02, -1.697647065998898E-08,  5.719908590020672E-03,  9.903714717493615E-01,  2.824749778734918E-04,
2451586.500000000, A.D. 2000-Feb-12 00:00:00.0000, -7.907831197615700E-01,  5.967072684506030E-01,  2.049949796143428E-04, -1.072471607786993E-02, -1.373998503854949E-02, -1.749254730485397E-07,  5.721546753112172E-03,  9.906551108960995E-01,  2.848372342176153E-04,
2451587.500000000, A.D. 2000-Feb-13 00:00:00.0000, -8.013860782792515E-01,  5.828763279058813E-01,  2.047413024536670E-04, -1.048072652265397E-02, -1.392111904144218E-02, -3.314001335024549E-07,  5.723199182992447E-03,  9.909412202607398E-01,  2.874211957438856E-04,
2451588.500000000, A.D. 2000-Feb-14 00:00:00.0000, -8.117436512921392E-01,  5.688665820126575E-01,  2.043358692166430E-04, -1.023397200179346E-02, -1.409759902605787E-02, -4.767966179408179E-07,  5.724867246585126E-03,  9.912300365187715E-01,  2.902542491575661E-04,
2451589.500000000, A.D. 2000-Feb-15 00:00:00.0000, -8.218531520533936E-01,  5.546826704042486E-01,  2.037946838740928E-04, -9.984606044213499E-03, -1.426945820117370E-02, -6.012895191700401E-07,  5.726552419420865E-03,  9.915218151504080E-01,  2.933456856071990E-04,
2451590.500000000, A.D. 2000-Feb-16 00:00:00.0000, -8.317120369385208E-01,  5.403291867881228E-01,  2.031433375848872E-04, -9.732759671811650E-03, -1.443675444700596E-02, -6.956987683551063E-07,  5.728256165113853E-03,  9.918168095725910E-01,  2.966812392151771E-04,
2451591.500000000, A.D. 2000-Feb-17 00:00:00.0000, -8.413178779349667E-01,  5.258106574420026E-01,  2.024158184766683E-04, -9.478531578372825E-03, -1.459956307210591E-02, -7.526107487054996E-07,  5.729979786792109E-03,  9.921152454149417E-01,  3.002192186667912E-04,
2451592.500000000, A.D. 2000-Feb-18 00:00:00.0000, -8.506683264588100E-01,  5.111315297025530E-01,  2.016521504854762E-04, -9.221981218570862E-03, -1.475796413306110E-02, -7.675487005158036E-07,  5.731724266743704E-03,  9.924172927553683E-01,  3.038907066947058E-04,
2451593.500000000, A.D. 2000-Feb-19 00:00:00.0000, -8.597610732510227E-01,  4.962961752259492E-01,  2.008949869923337E-04, -8.963128412752290E-03, -1.491202611505010E-02, -7.398241132303757E-07,  5.733490123802629E-03,  9.927230414271909E-01,  3.076056631060398E-04,
2451594.500000000, A.D. 2000-Feb-20 00:00:00.0000, -8.685938120624854E-01,  4.813089096212433E-01,  2.001856729937616E-04, -8.701961373551025E-03, -1.506179038748326E-02, -6.726996173717427E-07,  5.735277322699961E-03,  9.930324853237853E-01,  3.112644988288437E-04,
2451595.500000000, A.D. 2000-Feb-21 00:00:00.0000, -8.771642150570245E-01,  4.661740250596566E-01,  1.995605586918798E-04, -8.438451527723566E-03, -1.520726154471107E-02, -5.727307364620796E-07,  5.737085258865619E-03,  9.933455197670867E-01,  3.147719153737649E-04,
2451596.500000000, A.D. 2000-Feb-22 00:00:00.0000, -8.854699245194891E-01,  4.508958282559413E-01,  1.990483023513954E-04, -8.172570370071441E-03, -1.534840648499984E-02, -4.485092880301003E-07,  5.738912818838383E-03,  9.936619519672611E-01,  3.180485318511104E-04,
2451597.500000000, A.D. 2000-Feb-23 00:00:00.0000, -8.935085601821784E-01,  4.354786752604014E-01,  1.986685424401712E-04, -7.904303096873381E-03, -1.548516124665754E-02, -3.092625517894391E-07,  5.740758493045223E-03,  9.939815205498407E-01,  3.210370669924297E-04,
2451598.500000000, A.D. 2000-Feb-24 00:00:00.0000, -9.012777371900441E-01,  4.199269970560451E-01,  1.984318592938985E-04, -7.633656015864839E-03, -1.561744182883080E-02, -1.637301220950146E-07,  5.742620506694803E-03,  9.943039182192317E-01,  3.237025754405256E-04,
2451599.500000000, A.D. 2000-Feb-25 00:00:00.0000, -9.087750882810073E-01,  4.042453140987642E-01,  1.983406259126206E-04, -7.360657791559560E-03, -1.574515489192788E-02, -1.952142599334445E-08,  5.744496938799205E-03,  9.946288123666864E-01,  3.260285059169397E-04,
2451600.500000000, A.D. 2000-Feb-26 00:00:00.0000, -9.159982849397615E-01,  3.884382413865347E-01,  1.983902641999152E-04, -7.085356562517490E-03, -1.586820572788736E-02,  1.170709653219297E-07,  5.746385812447782E-03,  9.949558607007375E-01,  3.280110894048044E-04,
2451601.500000000, A.D. 2000-Feb-27 00:00:00.0000, -9.229450546355754E-01,  3.725104873048563E-01,  1.985705200621763E-04, -6.807815366381744E-03, -1.598650273887666E-02,  2.409512479787611E-07,  5.748285152882977E-03,  9.952847213027125E-01,  3.296540583192266E-04,
2451602.500000000, A.D. 2000-Feb-28 00:00:00.0000, -9.296131934454385E-01,  3.564668495701997E-01,  1.988665356392950E-04, -6.528107724718253E-03, -1.609995890290220E-02,  3.479602415108805E-07,  5.750193018829223E-03,  9.956150580511670E-01,  3.309647713108890E-04,
2451603.500000000, A.D. 2000-Feb-29 00:00:00.0000, -9.360005748066916E-01,  3.403122108164406E-01,  1.992596472234694E-04, -6.246314430767185E-03, -1.620849119422143E-02,  4.346043135593849E-07,  5.752107516401736E-03,  9.959465430301154E-01,  3.319520653290926E-04,
2451604.500000000, A.D. 2000-Mar-01 00:00:00.0000, -9.421051558528911E-01,  3.240515353655082E-01,  1.997279425920317E-04, -5.962521960748256E-03, -1.631201894989893E-02,  4.978555902648301E-07,  5.754026805430556E-03,  9.962788576240061E-01,  3.326257426630522E-04,
2451605.500000000, A.D. 2000-Mar-02 00:00:00.0000, -9.479249830038343E-01,  3.076898677947654E-01,  2.002466747771223E-04, -5.676822558063277E-03, -1.641046204138871E-02,  5.350701789034259E-07,  5.755949106942306E-03,  9.966116938131472E-01,  3.329974353183271E-04,
2451606.500000000, A.D. 2000-Mar-03 00:00:00.0000, -9.534581984116111E-01,  2.912323331186595E-01,  2.007886635387928E-04, -5.389315816170597E-03, -1.650373959025647E-02,  5.440476035026623E-07,  5.757872718841471E-03,  9.969447568888361E-01,  3.330825200173604E-04,
2451607.500000000, A.D. 2000-Mar-04 00:00:00.0000, -9.587030485912642E-01,  2.746841377054948E-01,  2.013248291348491E-04, -5.100111382667817E-03, -1.659176988448277E-02,  5.232346328486362E-07,  5.759796044719824E-03,  9.972777704415564E-01,  3.329026698194879E-04,
2451608.500000000, A.D. 2000-Mar-05 00:00:00.0000, -9.636578960646736E-01,  2.580505694456331E-01,  2.018249940901630E-04, -4.809332152278118E-03, -1.667447203284356E-02,  4.720510786330473E-07,  5.761717637934116E-03,  9.976104839927942E-01,  3.324884818813295E-04,
2451609.500000000, A.D. 2000-Mar-06 00:00:00.0000, -9.683212340720126E-01,  2.413369952661169E-01,  2.022590496191722E-04, -4.517117036606531E-03, -1.675176962996569E-02,  3.912806285501388E-07,  5.763636259373445E-03,  9.979426829971483E-01,  3.318814599589905E-04,
2451610.500000000, A.D. 2000-Mar-07 00:00:00.0000, -9.726917033910772E-01,  2.245488540343288E-01,  2.025985078444249E-04, -4.223622228713124E-03, -1.682359623005076E-02,  2.834335948981704E-07,  5.765550942926027E-03,  9.982742001775470E-01,  3.311345753478003E-04,
2451611.500000000, A.D. 2000-Mar-08 00:00:00.0000, -9.767681092550934E-01,  2.076916433970250E-01,  2.028183556386292E-04, -3.929020008446747E-03, -1.688990181696777E-02,  1.529686083786175E-07,  5.767461058574696E-03,  9.986049264499011E-01,  3.303108186067176E-04,
2451612.500000000, A.D. 2000-Mar-09 00:00:00.0000, -9.805494356370652E-01,  1.907709001868100E-01,  2.028990174617818E-04, -3.633494661596850E-03, -1.695065895606220E-02,  6.276418605484148E-09,  5.769366360906033E-03,  9.989348193221939E-01,  3.294796286190958E-04,
2451613.500000000, A.D. 2000-Mar-10 00:00:00.0000, -9.840348541294665E-01,  1.737921754335844E-01,  2.028281631593315E-04, -3.337235880504958E-03, -1.700586721884311E-02, -1.486144321426738E-07,  5.771267011925691E-03,  9.992639068448345E-01,  3.287116960571921E-04,
2451614.500000000, A.D. 2000-Mar-11 00:00:00.0000, -9.872237253911262E-01,  1.567610062492840E-01,  2.026020940560105E-04, -3.040430713457025E-03, -1.705555490934182E-02, -3.025750398541630E-07,  5.773163571387165E-03,  9.995922859361364E-01,  3.280730847125813E-04,
2451615.500000000, A.D. 2000-Mar-12 00:00:00.0000, -9.901155923680778E-01,  1.396828874564486E-01,  2.022265066593518E-04, -2.743255370540348E-03, -1.709977787826536E-02, -4.460660773303330E-07,  5.775056953613611E-03,  9.999201149062461E-01,  3.276196490394522E-04,
2451616.500000000, A.D. 2000-Mar-13 00:00:00.0000, -9.927101656936212E-01,  1.225632456969536E-01,  2.017165325685698E-04, -2.445867901889561E-03, -1.713861585138415E-02, -5.698806267284500E-07,  5.776948354542450E-03,  1.000247600825310E+00,  3.273923670759642E-04,
2451617.500000000, A.D. 2000-Mar-14 00:00:00.0000, -9.950073024262135E-01,  1.054074181932073E-01,  2.010960394363714E-04, -2.148402237709980E-03, -1.717216688839059E-02, -6.658713066873082E-07,  5.778839154925214E-03,  1.000574982763044E+00,  3.274137474168831E-04,
2451618.500000000, A.D. 2000-Mar-15 00:00:00.0000, -9.970069795799280E-01,  8.822063781015002E-02,  2.003962271177259E-04, -1.850963757713107E-03, -1.720054035723968E-02, -7.276290419896286E-07,  5.780730805741487E-03,  1.000902511948776E+00,  3.276852587190021E-04,
2451619.500000000, A.D. 2000-Mar-16 00:00:00.0000, -9.987092640949928E-01,  7.100802583847256E-02,  1.996535799673981E-04, -1.553626682560823E-03, -1.722384852585067E-02, -7.510853255692011E-07,  5.782624701956287E-03,  1.001230429913210E+00,  3.281859199272760E-04,
2451620.500000000, A.D. 2000-Mar-17 00:00:00.0000, -1.000114281389841E+00,  5.377459381218021E-02,  1.989072797557770E-04, -1.256433997112692E-03, -1.724219697463967E-02, -7.349736106871744E-07,  5.784522052727264E-03,  1.001558946015505E+00,  3.288726045671751E-04,
2451621.500000000, A.D. 2000-Mar-18 00:00:00.0000, -1.001222185497424E+00,  3.652525518585443E-02,  1.981962729583884E-04, -9.594008384214216E-04, -1.725567468163595E-02, -6.810379661429741E-07,  5.786423760212543E-03,  1.001888216459498E+00,  3.296828355258757E-04,
2451622.500000000, A.D. 2000-Mar-19 00:00:00.0000, -1.002033134558071E+00,  1.926484640347443E-02,  1.975563063833254E-04, -6.625218150216530E-04, -1.726434549914851E-02, -5.938718568857853E-07,  5.788330322897687E-03,  1.002218327555287E+00,  3.305404823383987E-04,
2451623.500000000, A.D. 2000-Mar-20 00:00:00.0000, -1.002547275347432E+00,  1.998154908439257E-03,  1.970173317627233E-04, -3.657815102442441E-04, -1.726824312573227E-02, -4.803447570347209E-07,  5.790241779134616E-03,  1.002549285943303E+00,  3.313637960025202E-04,
2451624.500000000, A.D. 2000-Mar-21 00:00:00.0000, -1.002764739064433E+00, -1.527005022448688E-02,  1.966016568681649E-04, -6.916606233051181E-05, -1.726737101902740E-02, -3.487099357490834E-07,  5.792157700058939E-03,  1.002881017367978E+00,  3.320741312538181E-04,
2451625.500000000, A.D. 2000-Mar-22 00:00:00.0000, -1.002685648102481E+00, -3.253499006881459E-02,  1.963230623237511E-04,  2.273268847267337E-04, -1.726170714001631E-02, -2.076066642147877E-07,  5.794077229748943E-03,  1.003213373631061E+00,  3.326032463684121E-04,
2451626.500000000, A.D. 2000-Mar-23 00:00:00.0000, -1.002310131035744E+00, -4.979185412488406E-02,  1.961868667058911E-04,  5.236819397407396E-04, -1.725121182627245E-02, -6.519784633691160E-08,  5.795999159362277E-03,  1.003546145427987E+00,  3.328975930202013E-04,
2451627.500000000, A.D. 2000-Mar-24 00:00:00.0000, -1.001638341667213E+00, -6.703578701925586E-02,  1.961907128294509E-04,  8.198640529583394E-04, -1.723583635339105E-02,  7.139281176281895E-08,  5.797922016050169E-03,  1.003879077742898E+00,  3.329191791156342E-04,
2451628.500000000, A.D. 2000-Mar-25 00:00:00.0000, -1.000670478112565E+00, -8.426188320225422E-02,  1.963257460216622E-04,  1.115820135455382E-03, -1.721553009482647E-02,  1.963057380420518E-07,  5.799844148438117E-03,  1.004211884649160E+00,  3.326436993304171E-04,
2451629.500000000, A.D. 2000-Mar-26 00:00:00.0000, -9.994067991323249E-01, -1.014651876000196E-01,  1.965778729064630E-04,  1.411482666881687E-03, -1.719024517787018E-02,  3.048983403686024E-07,  5.801763796391761E-03,  1.004544261388958E+00,  3.320571830244686E-04,
2451630.500000000, A.D. 2000-Mar-27 00:00:00.0000, -9.978476365202846E-01, -1.186406995914664E-01,  1.969288837385665E-04,  1.706773745351012E-03, -1.715993852457022E-02,  3.935391502672637E-07,  5.803679140142611E-03,  1.004875892879143E+00,  3.311523776075233E-04,
2451631.500000000, A.D. 2000-Mar-28 00:00:00.0000, -9.959934037136492E-01, -1.357833779194050E-01,  1.973573369241710E-04,  2.001608447623923E-03, -1.712457179585415E-02,  4.593548551248806E-07,  5.805588329956889E-03,  1.005206458848242E+00,  3.299257390870223E-04,
2451632.500000000, A.D. 2000-Mar-29 00:00:00.0000, -9.938446016762150E-01, -1.528881448135312E-01,  1.978392041848031E-04,  2.295896849632095E-03, -1.708411000491866E-02,  5.000165128099371E-07,  5.807489501445307E-03,  1.005535636487255E+00,  3.283755258106861E-04,
2451633.500000000, A.D. 2000-Mar-30 00:00:00.0000, -9.914018235603786E-01, -1.699498883934757E-01,  1.983483471523739E-04,  2.589544424145017E-03, -1.703851959404209E-02,  5.136241633273129E-07,  5.809380783658108E-03,  1.005863101851274E+00,  3.265012310140235E-04,
2451634.500000000, A.D. 2000-Mar-31 00:00:00.0000, -9.886657598077107E-01, -1.869634632022459E-01,  1.988569446980008E-04,  2.882450776314360E-03, -1.698776674693233E-02,  4.987288096087306E-07,  5.811260308016612E-03,  1.006188531405929E+00,  3.243044471248303E-04,
2451635.500000000, A.D. 2000-Apr-01 00:00:00.0000, -9.856372052821384E-01, -2.039236894956912E-01,  1.993360210387996E-04,  3.174506893545191E-03, -1.693181672255365E-02,  4.545142103501133E-07,  5.813126226368382E-03,  1.006511605153547E+00,  3.217911469355222E-04,
2451636.500000000, A.D. 2000-Apr-02 00:00:00.0000, -9.823170697118450E-01, -2.208253527144989E-01,  1.997562366720315E-04,  3.465591392256951E-03, -1.687063501912967E-02,  3.811379278230285E-07,  5.814976745893859E-03,  1.006832012677042E+00,  3.189751810107965E-04,
2451637.500000000, A.D. 2000-Apr-03 00:00:00.0000, -9.787063920155405E-01, -2.376632053391446E-01,  2.000890850896433E-04,  3.755566705009223E-03, -1.680419106922543E-02,  2.801903910459904E-07,  5.816810186508193E-03,  1.007149463078741E+00,  3.158824390381894E-04,
2451638.500000000, A.D. 2000-Apr-04 00:00:00.0000, -9.748063578758396E-01, -2.544319738424872E-01,  2.003085677306381E-04,  4.044276683831348E-03, -1.673246472016274E-02,  1.551694286651655E-07,  5.818625061801162E-03,  1.007463698994691E+00,  3.125546190785357E-04,
2451639.500000000, A.D. 2000-Apr-05 00:00:00.0000, -9.706183182594372E-01, -2.711263732872834E-01,  2.003932836492857E-04,  4.331547394526149E-03, -1.665545483282752E-02,  1.180320678675688E-08,  5.820420177046762E-03,  1.007774513564498E+00,  3.090510971569776E-04,
2451640.500000000, A.D. 2000-Apr-06 00:00:00.0000, -9.661438049279691E-01, -2.877411308431366E-01,  2.003286852727837E-04,  4.617192489335164E-03, -1.657318810870355E-02, -1.419705547376095E-07,  5.822194728772631E-03,  1.008081767671235E+00,  3.054473851003238E-04,
2451641.500000000, A.D. 2000-Apr-07 00:00:00.0000, -9.613845381874738E-01, -3.042710170939090E-01,  2.001090820936116E-04,  4.901023212169500E-03, -1.648572535217164E-02, -2.964988397720487E-07,  5.823948383529063E-03,  1.008385403579876E+00,  3.018294617770346E-04,
2451642.500000000, A.D. 2000-Apr-08 00:00:00.0000, -9.563424230074655E-01, -3.207108812036299E-01,  1.997389163327187E-04,  5.182861197023239E-03, -1.639316259212812E-02, -4.413547957648214E-07,  5.825681313484774E-03,  1.008685451100507E+00,  2.982847595146935E-04,
2451643.500000000, A.D. 2000-Apr-09 00:00:00.0000, -9.510195322703332E-01, -3.370556841345601E-01,  1.992329535122631E-04,  5.462550823313674E-03, -1.629562608858137E-02, -5.665201110861603E-07,  5.827394175432605E-03,  1.008982023953286E+00,  2.948920305456174E-04,
2451644.500000000, A.D. 2000-Apr-10 00:00:00.0000, -9.454180792482184E-01, -3.533005242504509E-01,  1.986152950910411E-04,  5.739967976445786E-03, -1.619326247030475E-02, -6.635084648063216E-07,  5.829088034564882E-03,  1.009275306570546E+00,  2.917127637489209E-04,
2451645.500000000, A.D. 2000-Apr-11 00:00:00.0000, -9.395403838699967E-01, -3.694406517460928E-01,  1.979174060756753E-04,  6.015023611143381E-03, -1.608622675704885E-02, -7.261817697314344E-07,  5.830764247876958E-03,  1.009565533908749E+00,  2.887859689563801E-04,
2451646.500000000, A.D. 2000-Apr-12 00:00:00.0000, -9.333888379456284E-01, -3.854714712317945E-01,  1.971755278745895E-04,  6.287662466125896E-03, -1.597467103602628E-02, -7.511606925482069E-07,  5.832424328267867E-03,  1.009852967918243E+00,  2.861266393409045E-04,
2451647.500000000, A.D. 2000-Apr-13 00:00:00.0000, -9.269658734754517E-01, -4.013885340663125E-01,  1.964278690942538E-04,  6.557858474190325E-03, -1.585873544003484E-02, -7.378737957690591E-07,  5.834069808459099E-03,  1.010137873981526E+00,  2.837270279711333E-04,
2451648.500000000, A.D. 2000-Apr-14 00:00:00.0000, -9.202739365067034E-01, -4.171875230127557E-01,  1.957118831509453E-04,  6.825608487420103E-03, -1.573854179501199E-02, -6.883533873574951E-07,  5.835702117505955E-03,  1.010420499531855E+00,  2.815595496478831E-04,
2451649.500000000, A.D. 2000-Apr-15 00:00:00.0000, -9.133154676524015E-01, -4.328642317476271E-01,  1.950618357207678E-04,  7.090925338948708E-03, -1.561418960448442E-02, -6.068720315340757E-07,  5.837322476614137E-03,  1.010701056014442E+00,  2.795804708203651E-04,
2451650.500000000, A.D. 2000-Apr-16 00:00:00.0000, -9.060928896876087E-01, -4.484145413633658E-01,  1.945067930104059E-04,  7.353830666709115E-03, -1.548575401491095E-02, -4.994693724731815E-07,  5.838931817680207E-03,  1.010979704782174E+00,  2.777340699442548E-04,
2451651.500000000, A.D. 2000-Apr-17 00:00:00.0000, -8.986086023480903E-01, -4.638343957884755E-01,  1.940691285981585E-04,  7.614347731375867E-03, -1.535328569804963E-02, -3.733914535331166E-07,  5.840530727105647E-03,  1.011256547367321E+00,  2.759572244070260E-04,
2451652.500000000, A.D. 2000-Apr-18 00:00:00.0000, -8.908649841502558E-01, -4.791197780943380E-01,  1.937636234547171E-04,  7.872494652811535E-03, -1.521681275603795E-02, -2.364721597710632E-07,  5.842119417080700E-03,  1.011531620509485E+00,  2.741842918530577E-04,
2451653.500000000, A.D. 2000-Apr-19 00:00:00.0000, -8.828644004794317E-01, -4.942666897050095E-01,  1.935971901831918E-04,  8.128278768734979E-03, -1.507634457812105E-02, -9.651567238085708E-08,  5.843697724960136E-03,  1.011804896047517E+00,  2.723518612949616E-04,
2451654.500000000, A.D. 2000-Apr-20 00:00:00.0000, -8.746092164389345E-01, -5.092711342472988E-01,  1.935691806952669E-04,  8.381692863019947E-03, -1.493187713939245E-02,  3.923882722075015E-08,  5.845265138162883E-03,  1.012076285230755E+00,  2.704027269990288E-04,
2451655.500000000, A.D. 2000-Apr-21 00:00:00.0000, -8.661018123355521E-01, -5.241291070467098E-01,  1.936721558632461E-04,  8.632713694120537E-03, -1.478339881805963E-02,  1.644957531791772E-07,  5.846820838272282E-03,  1.012345646354748E+00,  2.682884829005475E-04,
2451656.500000000, A.D. 2000-Apr-22 00:00:00.0000, -8.573445995096676E-01, -5.388365902580371E-01,  1.938929377482296E-04,  8.881302711606028E-03, -1.463089568182190E-02,  2.740875128517934E-07,  5.848363755339388E-03,  1.012612794163579E+00,  2.659704478393986E-04,
2451657.500000000, A.D. 2000-Apr-23 00:00:00.0000, -8.483400345952103E-01, -5.533895526571327E-01,  1.942137520623318E-04,  9.127408347022173E-03, -1.447435541993775E-02,  3.639763865429559E-07,  5.849892622919343E-03,  1.012877509379118E+00,  2.634190473980082E-04,
2451658.500000000, A.D. 2000-Apr-24 00:00:00.0000, -8.390906310625602E-01, -5.677839525075948E-01,  1.946133015233646E-04,  9.370969005236939E-03, -1.431376953675511E-02,  4.311252292034143E-07,  5.851406026119377E-03,  1.013139547020276E+00,  2.606121054783851E-04,
2451659.500000000, A.D. 2000-Apr-25 00:00:00.0000, -8.295989677846844E-01, -5.820157417620578E-01,  1.950676732756824E-04,  9.611915895470355E-03, -1.414913386936321E-02,  4.733069953270550E-07,  5.852902438062530E-03,  1.013398642716502E+00,  2.575326434027826E-04,
2451660.500000000, A.D. 2000-Apr-26 00:00:00.0000, -8.198676951434651E-01, -5.960808700936714E-01,  1.955510545997544E-04,  9.850175026838633E-03, -1.398044781278126E-02,  4.889226774229986E-07,  5.854380243643841E-03,  1.013654516821042E+00,  2.541667716780224E-04,
2451661.500000000, A.D. 2000-Apr-27 00:00:00.0000, -8.098995397521329E-01, -6.099752877362127E-01,  1.960362959633681E-04,  1.008566792514757E-02, -1.380771281542704E-02,  4.768868832979997E-07,  5.855837752609247E-03,  1.013906876675477E+00,  2.505021774969875E-04,
2451662.500000000, A.D. 2000-Apr-28 00:00:00.0000, -7.996973092056633E-01, -6.236949467283390E-01,  1.964954135459153E-04,  1.031831083754411E-02, -1.363093081060059E-02,  4.366280661237324E-07,  5.857273206665241E-03,  1.014155417840723E+00,  2.465276375205732E-04,
2451663.500000000, A.D. 2000-Apr-29 00:00:00.0000, -7.892638984039149E-01, -6.372358008725115E-01,  1.969001644108817E-04,  1.054801239777010E-02, -1.345010335269530E-02,  3.682382163598524E-07,  5.858684787674604E-03,  1.014399825516079E+00,  2.422339422989808E-04,
2451664.500000000, A.D. 2000-Apr-30 00:00:00.0000, -7.786022988853040E-01, -6.505938055500687E-01,  1.972228541255904E-04,  1.077467001759408E-02, -1.326523235168447E-02,  2.727885328336378E-07,  5.860070636069038E-03,  1.014639777727276E+00,  2.376165520527382E-04,
2451665.500000000, A.D. 2000-May-01 00:00:00.0000, -7.677156121172243E-01, -6.637649194690476E-01,  1.974375368266654E-04,  1.099816576268259E-02, -1.307632335594840E-02,  1.527906360912160E-07,  5.861428889935303E-03,  1.014874952094029E+00,  2.326800837158524E-04,
2451666.500000000, A.D. 2000-May-02 00:00:00.0000, -7.566070665846588E-01, -6.767451112855432E-01,  1.975217161842263E-04,  1.121836319490052E-02, -1.288339208368058E-02,  1.271502920551759E-08,  5.862757754439857E-03,  1.015105037850543E+00,  2.274441900427291E-04,
2451667.500000000, A.D. 2000-May-03 00:00:00.0000, -7.452800366520301E-01, -6.895303743634453E-01,  1.974585213555986E-04,  1.143510739382948E-02, -1.268647402199653E-02, -1.406159473826126E-07,  5.864055606208317E-03,  1.015329753918259E+00,  2.219494656891410E-04,
2451668.500000000, A.D. 2000-May-04 00:00:00.0000, -7.337380588137323E-01, -7.021167519896864E-01,  1.972391058813485E-04,  1.164823049344452E-02, -1.248563526922592E-02, -2.980211884673804E-07,  5.865321126305460E-03,  1.015548871930620E+00,  2.162609778522202E-04,
2451669.500000000, A.D. 2000-May-05 00:00:00.0000, -7.219848391119029E-01, -7.145003725756618E-01,  1.968647566842653E-04,  1.185756378674473E-02, -1.228098093003272E-02, -4.485760470617166E-07,  5.866553439958137E-03,  1.015762240425353E+00,  2.104666529764146E-04,
2451670.500000000, A.D. 2000-May-06 00:00:00.0000, -7.100242457754391E-01, -7.266774901703931E-01,  1.963480481150305E-04,  1.206295459155950E-02, -1.207265667863355E-02, -5.808880393456938E-07,  5.867752227819685E-03,  1.015969804109295E+00,  2.046689816228602E-04,
2451671.500000000, A.D. 2000-May-07 00:00:00.0000, -6.978602845653916E-01, -7.386445219135637E-01,  1.957124947867268E-04,  1.226428297676119E-02, -1.186084094917233E-02, -6.847499272571983E-07,  5.868917772410187E-03,  1.016171611899283E+00,  1.989713625724544E-04,
2451672.500000000, A.D. 2000-May-08 00:00:00.0000, -6.854970599486682E-01, -7.503980734276560E-01,  1.949905775538604E-04,  1.246147251395990E-02, -1.164572923597162E-02, -7.526463824958761E-07,  5.870050919897160E-03,  1.016367810304680E+00,  1.934632941244795E-04,
2451673.500000000, A.D. 2000-May-09 00:00:00.0000, -6.729387300903164E-01, -7.619349466179101E-01,  1.942205466029124E-04,  1.265449167091855E-02, -1.142751563077381E-02, -7.806334383701123E-07,  5.871152965125655E-03,  1.016558623520958E+00,  1.882093182829259E-04,
2451674.500000000, A.D. 2000-May-10 00:00:00.0000, -6.601894649331419E-01, -7.732521301021399E-01,  1.934427457229700E-04,  1.284334672126542E-02, -1.120637737253884E-02, -7.684201335685984E-07,  5.872225491161429E-03,  1.016744325647456E+00,  1.832445196260088E-04,
2451675.500000000, A.D. 2000-May-11 00:00:00.0000, -6.472534140231735E-01, -7.843467772297368E-01,  1.926961919936146E-04,  1.302807010973693E-02, -1.098246574038411E-02, -7.188256977147678E-07,  5.873270201465053E-03,  1.016925211629228E+00,  1.785761747807094E-04,
2451676.500000000, A.D. 2000-May-12 00:00:00.0000, -6.341346864196521E-01, -7.952161782858296E-01,  1.920158713939009E-04,  1.320870852119079E-02, -1.075590330514155E-02, -6.369476034492195E-07,  5.874288773546073E-03,  1.017101571918049E+00,  1.741890552725453E-04,
2451677.500000000, A.D. 2000-May-13 00:00:00.0000, -6.208373415189475E-01, -8.058577323133006E-01,  1.914308850481114E-04,  1.338531323780939E-02, -1.052678550328647E-02, -5.293293572590905E-07,  5.875282747125178E-03,  1.017273673108291E+00,  1.700516896386860E-04,
2451678.500000000, A.D. 2000-May-14 00:00:00.0000, -6.073653880493568E-01, -8.162689216792828E-01,  1.909633607469264E-04,  1.355793341663819E-02, -1.029518421174694E-02, -4.032744525260801E-07,  5.876253446857107E-03,  1.017441744556812E+00,  1.661218916582165E-04,
2451679.500000000, A.D. 2000-May-15 00:00:00.0000, -5.937227885342423E-01, -8.264472905255500E-01,  1.906279649174378E-04,  1.372661173617352E-02, -1.006115176335989E-02, -2.663279514680515E-07,  5.877201933350796E-03,  1.017605969902359E+00,  1.623510193377110E-04,
2451680.500000000, A.D. 2000-May-16 00:00:00.0000, -5.799134672800289E-01, -8.363904271580872E-01,  1.904318648065816E-04,  1.389138157071678E-02, -9.824724766910207E-03, -1.258861445119843E-07,  5.878128975490909E-03,  1.017766482273182E+00,  1.586871560055217E-04,
2451681.500000000, A.D. 2000-May-17 00:00:00.0000, -5.659413206903529E-01, -8.460959501297678E-01,  1.903750363425142E-04,  1.405226509719979E-02, -9.585927693686205E-03,  1.111043304693399E-08,  5.879035039010577E-03,  1.017923362308474E+00,  1.550776217785572E-04,
2451682.500000000, A.D. 2000-May-18 00:00:00.0000, -5.518102291103674E-01, -8.555614978541151E-01,  1.904508476581459E-04,  1.420927211974455E-02, -9.344776373918144E-03,  1.384227278358161E-07,  5.879920288388710E-03,  1.018076638486877E+00,  1.514711056382554E-04,
2451683.500000000, A.D. 2000-May-19 00:00:00.0000, -5.375240694751880E-01, -8.647847216938046E-01,  1.906468574140371E-04,  1.436239965402272E-02, -9.101281438886683E-03,  2.506951512476152E-07,  5.880784600154137E-03,  1.018226289430018E+00,  1.478194740029544E-04,
2451684.500000000, A.D. 2000-May-20 00:00:00.0000, -5.230867279554339E-01, -8.737632824018389E-01,  1.909457574679377E-04,  1.451163235542847E-02, -8.855451540835661E-03,  3.435599547970464E-07,  5.881627585417760E-03,  1.018372247803837E+00,  1.440791275444120E-04,
2451685.500000000, A.D. 2000-May-21 00:00:00.0000, -5.085021117652967E-01, -8.824948495460515E-01,  1.913263769808672E-04,  1.465694374089450E-02, -8.607296044401474E-03,  4.136554859107334E-07,  5.882448618493222E-03,  1.018514405274102E+00,  1.402117258588778E-04,
2451686.500000000, A.D. 2000-May-22 00:00:00.0000, -4.937741594489189E-01, -8.909771032313800E-01,  1.917646642746767E-04,  1.479829795252784E-02, -8.356826888935447E-03,  4.585664128943170E-07,  5.883246867597642E-03,  1.018652617822069E+00,  1.361841774472167E-04,
2451687.500000000, A.D. 2000-May-23 00:00:00.0000, -4.789068493000502E-01, -8.992077371943411E-01,  1.922345803943421E-04,  1.493565165001865E-02, -8.104059460000507E-03,  4.767127478928781E-07,  5.884021323449223E-03,  1.018786710696013E+00,  1.319679432319505E-04,
2451688.500000000, A.D. 2000-May-24 00:00:00.0000, -4.639042060234148E-01, -9.071844622837959E-01,  1.927088725840653E-04,  1.506895555578532E-02, -7.849012516560294E-03,  4.672281131531704E-07,  5.884770822320582E-03,  1.018916482402785E+00,  1.275378589601170E-04,
2451689.500000000, A.D. 2000-May-25 00:00:00.0000, -4.487703062118565E-01, -9.149050094969418E-01,  1.931597399019853E-04,  1.519815521177935E-02, -7.591707434395294E-03,  4.298735847592344E-07,  5.885494061672740E-03,  1.019041707414749E+00,  1.228708071917952E-04,
2451690.500000000, A.D. 2000-May-26 00:00:00.0000, -4.335092836067062E-01, -9.223671320981405E-01,  1.935594496340114E-04,  1.532319061185902E-02, -7.332167219048594E-03,  3.650327052418479E-07,  5.886189608687346E-03,  1.019162137647101E+00,  1.179446639519795E-04,
2451691.500000000, A.D. 2000-May-27 00:00:00.0000, -4.181253353686896E-01, -9.295686068923701E-01,  1.938810061744357E-04,  1.544399453717428E-02, -7.070415923286641E-03,  2.738271469822731E-07,  5.886855904715041E-03,  1.019277503228069E+00,  1.127380300231728E-04,
2451692.500000000, A.D. 2000-May-28 00:00:00.0000, -4.026227306405193E-01, -9.365072354521473E-01,  1.940990074209545E-04,  1.556048968167980E-02, -6.806479287679496E-03,  1.583784517610178E-07,  5.887491271842953E-03,  1.019387513636044E+00,  1.072313368609745E-04,
2451693.500000000, A.D. 2000-May-29 00:00:00.0000, -3.870058223929863E-01, -9.431808469938875E-01,  1.941908356328060E-04,  1.567258509850981E-02, -6.540387562911836E-03,  2.221031175869663E-08,  5.888093931296378E-03,  1.019491860885735E+00,  1.014099322046926E-04,
2451694.500000000, A.D. 2000-May-30 00:00:00.0000, -3.712790626847944E-01, -9.495873055479143E-01,  1.941382965538921E-04,  1.578017320475102E-02, -6.272181390716154E-03, -1.292754557393153E-07,  5.888662046427142E-03,  1.019590226971368E+00,  9.526953337467097E-05,
2451695.500000000, A.D. 2000-May-31 00:00:00.0000, -3.554470197898729E-01, -9.557245246848385E-01,  1.939297075313604E-04,  1.588312946393487E-02, -6.001920975823273E-03, -2.884138770699825E-07,  5.889193803535753E-03,  1.019682297860610E+00,  8.882372792025619E-05,
2451696.500000000, A.D. 2000-Jun-01 00:00:00.0000, -3.395143931848102E-01, -9.615904925996825E-01,  1.935622153657489E-04,  1.598131742524155E-02, -5.729697229763864E-03, -4.452543621152378E-07,  5.889687538285968E-03,  1.019767785382575E+00,  8.211183830946312E-05,
2451697.500000000, A.D. 2000-Jun-02 00:00:00.0000, -3.234860199263220E-01, -9.671833079169753E-01,  1.930438267277853E-04,  1.607460105580232E-02, -5.455641274127157E-03, -5.882017287386563E-07,  5.890141900891274E-03,  1.019846455828972E+00,  7.520381414934187E-05,
2451698.500000000, A.D. 2000-Jun-03 00:00:00.0000, -3.073668652709803E-01, -9.725012219728182E-01,  1.923943971933607E-04,  1.616286341720159E-02, -5.179926974590987E-03, -7.054524205951355E-07,  5.890556031126158E-03,  1.019918160256369E+00,  6.819813310203635E-05,
2451699.500000000, A.D. 2000-Jun-04 00:00:00.0000, -2.911619934629857E-01, -9.775426782184062E-01,  1.916448760990068E-04,  1.624602644921856E-02, -4.902762237737253E-03, -7.869640924565047E-07,  5.890929694950591E-03,  1.019982858141995E+00,  6.121056880795815E-05,
2451700.500000000, A.D. 2000-Jun-05 00:00:00.0000, -2.748765214709376E-01, -9.823063372509367E-01,  1.908345827856633E-04,  1.632406398411481E-02, -4.624369584809096E-03, -8.262920220351895E-07,  5.891263334235760E-03,  1.020040625993471E+00,  5.435613604788568E-05,
2451701.500000000, A.D. 2000-Jun-06 00:00:00.0000, -2.585155657159404E-01, -9.867910795450512E-01,  1.900070260385726E-04,  1.639700223963460E-02, -4.344962410442432E-03, -8.215680714382326E-07,  5.891558007590490E-03,  1.020091647103235E+00,  4.773069321078523E-05,
2451702.500000000, A.D. 2000-Jun-07 00:00:00.0000, -2.420841946736897E-01, -9.909959859733789E-01,  1.892053273191811E-04,  1.646490821083344E-02, -4.064725636649040E-03, -7.753134523525438E-07,  5.891815240931788E-03,  1.020136185675625E+00,  4.139898114195893E-05,
2451703.500000000, A.D. 2000-Jun-08 00:00:00.0000, -2.255873967775744E-01, -9.949203037254603E-01,  1.884683213687468E-04,  1.652787191453768E-02, -3.783806314357872E-03, -6.933546523883360E-07,  5.892036835744815E-03,  1.020174553628129E+00,  3.539197997216635E-05,
2451704.500000000, A.D. 2000-Jun-09 00:00:00.0000, -2.090300661401601E-01, -9.985634079907578E-01,  1.878279499461484E-04,  1.658598952051481E-02, -3.502314125821311E-03, -5.834209297309389E-07,  5.892224685398684E-03,  1.020207078787447E+00,  2.971174569221544E-05,
2451705.500000000, A.D. 2000-Jun-10 00:00:00.0000, -1.924170027812617E-01, -1.001924767566293E+00,  1.873079998169845E-04,  1.663935158733566E-02, -3.220327961640201E-03, -4.539198001244168E-07,  5.892380631150324E-03,  1.020234079957331E+00,  2.433960917387220E-05,
2451706.500000000, A.D. 2000-Jun-11 00:00:00.0000, -1.757529216878676E-01, -1.005003918233115E+00,  1.869238724208757E-04,  1.668803702956617E-02, -2.937904258760198E-03, -3.131118095561091E-07,  5.892506366205644E-03,  1.020255850307299E+00,  1.924416089571182E-05,
2451707.500000000, A.D. 2000-Jun-12 00:00:00.0000, -1.590424656363043E-01, -1.007800444110299E+00,  1.866829789816259E-04,  1.673211129089996E-02, -2.655084314810661E-03, -1.686693463474511E-07,  5.892603380507108E-03,  1.020272647812890E+00,  1.438721811710546E-05,
2451708.500000000, A.D. 2000-Jun-13 00:00:00.0000, -1.422902185791324E-01, -1.010313965336577E+00,  1.865854349291972E-04,  1.677162673439950E-02, -2.371899583936361E-03, -2.749584023145597E-08,  5.892672933275364E-03,  1.020284690501401E+00,  9.727515294183339E-06,
2451709.500000000, A.D. 2000-Jun-14 00:00:00.0000, -1.255007181911113E-01, -1.012544130080204E+00,  1.866248603931655E-04,  1.680662374298293E-02, -2.088375122199928E-03,  1.043245378223654E-07,  5.892716041512354E-03,  1.020292154461260E+00,  5.222661688787846E-06,
2451710.500000000, A.D. 2000-Jun-15 00:00:00.0000, -1.086784673187092E-01, -1.014490609325726E+00,  1.867892051712837E-04,  1.683713173374674E-02, -1.804531810286997E-03,  2.215363714811332E-07,  5.892733476587118E-03,  1.020295173250876E+00,  8.300992709976468E-07,
2451711.500000000, A.D. 2000-Jun-16 00:00:00.0000, -9.182794456926911E-02, -1.016153093539885E+00,  1.870615822797814E-04,  1.686316986211758E-02, -1.520387978549980E-03,  3.197243183781792E-07,  5.892725764950727E-03,  1.020293838022425E+00, -3.492346650898907E-06,
2451712.500000000, A.D. 2000-Jun-17 00:00:00.0000, -7.495361431398775E-02, -1.017531290844457E+00,  1.874211176678198E-04,  1.688474752287944E-02, -1.235960841054200E-03,  3.953331489165100E-07,  5.892693191732497E-03,  1.020288198144520E+00, -7.785985870022360E-06,
2451713.500000000, A.D. 2000-Jun-18 00:00:00.0000, -5.805993620217335E-02, -1.018624926596836E+00,  1.878438196167502E-04,  1.690186486101745E-02, -9.512678804700217E-04,  4.456843616315148E-07,  5.892635807192426E-03,  1.020278262319408E+00, -1.209075734263751E-05,
2451714.500000000, A.D. 2000-Jun-19 00:00:00.0000, -4.115137409066321E-02, -1.019433744309187E+00,  1.883034564693998E-04,  1.691451344495916E-02, -6.663281172410787E-04,  4.689741369512490E-07,  5.892553436003401E-03,  1.020264000190142E+00, -1.644477755259974E-05,
2451715.500000000, A.D. 2000-Jun-20 00:00:00.0000, -2.423240421116352E-02, -1.019957507711402E+00,  1.887724197371358E-04,  1.692267710309586E-02, -3.811630994717461E-04,  4.642462287642609E-07,  5.892445688624250E-03,  1.020245344309757E+00, -2.088409362553501E-05,
2451716.500000000, A.D. 2000-Jun-21 00:00:00.0000, -7.307522482351926E-03, -1.020196003603655E+00,  1.892225504589077E-04,  1.692633275813665E-02, -9.579747793945908E-05,  4.313483310703950E-07,  5.892311973194182E-03,  1.020222192200735E+00, -2.544276296115833E-05,
2451717.500000000, A.D. 2000-Jun-22 00:00:00.0000,  9.618748896299911E-03, -1.020149045067285E+00,  1.896259229108863E-04,  1.692545097672139E-02,  1.897408379451505E-04,  3.708953607160975E-07,  5.892151505954992E-03,  1.020194408159549E+00, -3.015327388670472E-05,
2451718.500000000, A.D. 2000-Jun-23 00:00:00.0000,  2.654185512636845E-02, -1.019816474692897E+00,  1.899556088121366E-04,  1.691999592201067E-02,  4.754207514690416E-04,  2.842732304463213E-07,  5.891963318558104E-03,  1.020161824521841E+00, -3.504716545898743E-05,
2451719.500000000, A.D. 2000-Jun-24 00:00:00.0000,  4.345720204201668E-02, -1.019198167786789E+00,  1.901864806367846E-04,  1.690992447393922E-02,  7.612078627670796E-04,  1.737189348019807E-07,  5.891746261950790E-03,  1.020124242335298E+00, -4.015552215984811E-05,
2451720.500000000, A.D. 2000-Jun-25 00:00:00.0000,  6.036014802021499E-02, -1.018294036042113E+00,  1.902961452253945E-04,  1.689518448632278E-02,  1.047063533220891E-03,  4.250411914167947E-08,  5.891499008968776E-03,  1.020081431808550E+00, -4.550882437106857E-05,
2451721.500000000, A.D. 2000-Jun-26 00:00:00.0000,  7.724599383837481E-02, -1.017104032883631E+00,  1.902661152260001E-04,  1.687571252401323E-02,  1.332942334109780E-03, -1.047757411248007E-07,  5.891220061303130E-03,  1.020033133517446E+00, -5.113545452359413E-05,
2451722.500000000, A.D. 2000-Jun-27 00:00:00.0000,  9.410997036839393E-02, -1.015628162506425E+00,  1.900833053630099E-04,  1.685143201576914E-02,  1.618787098874169E-03, -2.618547905990855E-07,  5.890907770863638E-03,  1.019979062104013E+00, -5.705808186279260E-05,
2451723.500000000, A.D. 2000-Jun-28 00:00:00.0000,  1.109472253105730E-01, -1.013866495236449E+00,  1.897418537378348E-04,  1.682225353189409E-02,  1.904521243981504E-03, -4.205233866759123E-07,  5.890560389579558E-03,  1.019918914899183E+00, -6.328738956814186E-05,
2451724.500000000, A.D. 2000-Jun-29 00:00:00.0000,  1.277528122337340E-01, -1.011819191648795E+00,  1.892450876859360E-04,  1.678807952977961E-02,  2.190039225609465E-03, -5.706582583395080E-07,  5.890176162612974E-03,  1.019852388062190E+00, -6.981349049145328E-05,
2451725.500000000, A.D. 2000-Jun-30 00:00:00.0000,  1.445216875077063E-01, -1.009486536052843E+00,  1.886071880375469E-04,  1.674881562283569E-02,  2.475198023548033E-03, -7.008409768044589E-07,  5.889753473393562E-03,  1.019779201692559E+00, -7.659708427343706E-05,
2451726.500000000, A.D. 2000-Jul-01 00:00:00.0000,  1.612487218599470E-01, -1.006868975987775E+00,  1.878538556861822E-04,  1.670438823373270E-02,  2.759814549325784E-03, -7.997428484561768E-07,  5.889291031103271E-03,  1.019699132292074E+00, -8.356440109674303E-05,
2451727.500000000, A.D. 2000-Jul-02 00:00:00.0000,  1.779287311936190E-01, -1.003967159228161E+00,  1.870212609900248E-04,  1.665476437503399E-02,  3.043673824842298E-03, -8.581063635933742E-07,  5.888788064953588E-03,  1.019612046402840E+00, -9.061057171266599E-05,
2451728.500000000, A.D. 2000-Jul-03 00:00:00.0000,  1.945565250090069E-01, -1.000781956587962E+00,  1.861529610897216E-04,  1.659996562306795E-02,  3.326548827205195E-03, -8.706911521074988E-07,  5.888244468782964E-03,  1.019517925643554E+00, -9.761336869250998E-05,
2451729.500000000, A.D. 2000-Jul-04 00:00:00.0000,  2.111269626681897E-01, -9.973144611593586E-01,  1.852952421793609E-04,  1.654006899209600E-02,  3.608226313266797E-03, -8.373509798418105E-07,  5.887660843563953E-03,  1.019416874069389E+00, -1.044537427218060E-04,
2451730.500000000, A.D. 2000-Jul-05 00:00:00.0000,  2.276350031635807E-01, -9.935659628476528E-01,  1.844920476959277E-04,  1.647519355357566E-02,  3.888528727007079E-03, -7.627606891133190E-07,  5.887038420467120E-03,  1.019309104850919E+00, -1.110352023791454E-04,
2451731.500000000, A.D. 2000-Jul-06 00:00:00.0000,  2.440757367443837E-01, -9.895379064176042E-01,  1.837807900881781E-04,  1.640547899338235E-02,  4.167324492715763E-03, -6.550146699612479E-07,  5.886378893691058E-03,  1.019194911329539E+00, -1.172948382891922E-04,
2451732.500000000, A.D. 2000-Jul-07 00:00:00.0000,  2.604443948545004E-01, -9.852318457424910E-01,  1.831898371002938E-04,  1.633106505911821E-02,  4.444525742311330E-03, -5.238119465195458E-07,  5.885684220057098E-03,  1.019074632318359E+00, -1.232039694357646E-04,
2451733.500000000, A.D. 2000-Jul-08 00:00:00.0000,  2.767363426805984E-01, -9.806494047763694E-01,  1.827377202569018E-04,  1.625207791388803E-02,  4.720078168906698E-03, -3.789153371300457E-07,  5.884956438254962E-03,  1.018948620805561E+00, -1.287614611276347E-04,
2451734.500000000, A.D. 2000-Jul-09 00:00:00.0000,  2.929470621324570E-01, -9.757922500659066E-01,  1.824335959077793E-04,  1.616862447056986E-02,  4.993948982618747E-03, -2.292068378918551E-07,  5.884197536202804E-03,  1.018817220988504E+00, -1.339845029023788E-04,
2451735.500000000, A.D. 2000-Jul-10 00:00:00.0000,  3.090721322932366E-01, -9.706620744750537E-01,  1.822783554463029E-04,  1.608079249899176E-02,  5.266116961252103E-03, -8.230881551787883E-08,  5.883409369856069E-03,  1.018680754215913E+00, -1.389004374788543E-04,
2451736.500000000, A.D. 2000-Jul-11 00:00:00.0000,  3.251072116055538E-01, -9.652605891518617E-01,  1.822659114341783E-04,  1.598865352922465E-02,  5.536565962733690E-03,  5.542587270890529E-08,  5.882593622064682E-03,  1.018539511864218E+00, -1.435411636443091E-04,
2451737.500000000, A.D. 2000-Jul-12 00:00:00.0000,  3.410480233718796E-01, -9.595895203613697E-01,  1.823843962431545E-04,  1.589226628993035E-02,  5.805281537551124E-03,  1.787586693673815E-07,  5.881751786089004E-03,  1.018393752483438E+00, -1.479401146471145E-04,
2451738.500000000, A.D. 2000-Jul-13 00:00:00.0000,  3.568903444168784E-01, -9.536506085766899E-01,  1.826171849070513E-04,  1.579167947088850E-02,  6.072249615246541E-03,  2.833864255967248E-07,  5.880885160710866E-03,  1.018243700950674E+00, -1.521311291464234E-04,
2451739.500000000, A.D. 2000-Jul-14 00:00:00.0000,  3.726299959861757E-01, -9.474456082862751E-01,  1.829437600645006E-04,  1.568693341792818E-02,  6.337456230907390E-03,  3.658117520689240E-07,  5.879994848344327E-03,  1.018089548143004E+00, -1.561484159116472E-04,
2451740.500000000, A.D. 2000-Jul-15 00:00:00.0000,  3.882628358326407E-01, -9.409762878912452E-01,  1.833404826705739E-04,  1.557806085387108E-02,  6.600887515267653E-03,  4.232847612232805E-07,  5.879081751825566E-03,  1.017931450381667E+00, -1.600269540158895E-04,
2451741.500000000, A.D. 2000-Jul-16 00:00:00.0000,  4.037847506652838E-01, -9.342444296870436E-01,  1.837813372903120E-04,  1.546508694456191E-02,  6.862529483457233E-03,  4.538073201112464E-07,  5.878146568756111E-03,  1.017769528452623E+00, -1.638028841444165E-04,
2451742.500000000, A.D. 2000-Jul-17 00:00:00.0000,  4.191916484923664E-01, -9.272518302438570E-01,  1.842387031485213E-04,  1.534802908041859E-02,  7.122367438466586E-03,  4.561757213577827E-07,  5.877189784216531E-03,  1.017603866344969E+00, -1.675136595392366E-04,
2451743.500000000, A.D. 2000-Jul-18 00:00:00.0000,  4.344794507355940E-01, -9.200003015694919E-01,  1.846841756927355E-04,  1.522689667750760E-02,  7.380385021861773E-03,  4.300348889312786E-07,  5.876211663452959E-03,  1.017434509984650E+00, -1.711979098710135E-04,
2451744.500000000, A.D. 2000-Jul-19 00:00:00.0000,  4.496440842294539E-01, -9.124916733341412E-01,  1.850894393958844E-04,  1.510169115935863E-02,  7.636563070646601E-03,  3.759243739663687E-07,  5.875212245986069E-03,  1.017261466214457E+00, -1.748951076192961E-04,
2451745.500000000, A.D. 2000-Jul-20 00:00:00.0000,  4.646814732952610E-01, -9.047277962601593E-01,  1.854271793278831E-04,  1.497240610920546E-02,  7.890878454467842E-03,  2.953102608142578E-07,  5.874191341849733E-03,  1.017084702142775E+00, -1.786451904404407E-04,
2451746.500000000, A.D. 2000-Jul-21 00:00:00.0000,  4.795875319935860E-01, -8.967105466463297E-01,  1.856720210900830E-04,  1.483902744160332E-02,  8.143302968372446E-03,  1.906127925285529E-07,  5.873148529814356E-03,  1.016904144835961E+00, -1.824882649197734E-04,
2451747.500000000, A.D. 2000-Jul-22 00:00:00.0000,  4.943581564733865E-01, -8.884418320093226E-01,  1.858015048111639E-04,  1.470153339378549E-02,  8.393802168237248E-03,  6.525088270884674E-08,  5.872083157040279E-03,  1.016719681258333E+00, -1.864643926538874E-04,
2451748.500000000, A.D. 2000-Jul-23 00:00:00.0000,  5.089892171698227E-01, -8.799235980493701E-01,  1.857971215740536E-04,  1.455989423067367E-02,  8.642333813427525E-03, -7.627462792426300E-08,  5.870994340162159E-03,  1.016531158459921E+00, -1.906132543679610E-04,
2451749.500000000, A.D. 2000-Jul-24 00:00:00.0000,  5.234765506151995E-01, -8.711578375791916E-01,  1.856454562206226E-04,  1.441407182511494E-02,  8.888845403552975E-03, -2.282528102576419E-07,  5.869880969701667E-03,  1.016338384340509E+00, -1.949732357168869E-04,
2451750.500000000, A.D. 2000-Jul-25 00:00:00.0000,  5.378159509986763E-01, -8.621466025961575E-01,  1.853394700689694E-04,  1.426401972221803E-02,  9.133270280093498E-03, -3.836204765316823E-07,  5.868741723044594E-03,  1.016141129896545E+00, -1.995792471535537E-04,
2451751.500000000, A.D. 2000-Jul-26 00:00:00.0000,  5.520031624985189E-01, -8.528920210853053E-01,  1.848798979826088E-04,  1.410968486336676E-02,  9.375522079011758E-03, -5.338967290179408E-07,  5.867575095529625E-03,  1.015939134603998E+00, -2.044585151747771E-04,
2451752.500000000, A.D. 2000-Jul-27 00:00:00.0000,  5.660338748415977E-01, -8.433963199825719E-01,  1.842766077400822E-04,  1.395101260590983E-02,  9.615488167121050E-03, -6.693561816800448E-07,  5.866379462930035E-03,  1.015732117236728E+00, -2.096239071623328E-04,
2451753.500000000, A.D. 2000-Jul-28 00:00:00.0000,  5.799037261847166E-01, -8.336618544187389E-01,  1.835495814629102E-04,  1.378795652264938E-02,  9.853024128730103E-03, -7.796449505847099E-07,  5.865153188574063E-03,  1.015519794413806E+00, -2.150653755223425E-04,
2451754.500000000, A.D. 2000-Jul-29 00:00:00.0000,  5.936083183006451E-01, -8.236911404941022E-01,  1.827289941580318E-04,  1.362049300574852E-02,  1.008795290950085E-02, -8.549795684347245E-07,  5.863894780133994E-03,  1.015301907746696E+00, -2.207418741450292E-04,
2451755.500000000, A.D. 2000-Jul-30 00:00:00.0000,  6.071432476802828E-01, -8.134868848961132E-01,  1.818538292240401E-04,  1.344863769802269E-02,  1.032007253175516E-02, -8.878278551325518E-07,  5.862603082109317E-03,  1.015078257166687E+00, -2.265778492816277E-04,
2451756.500000000, A.D. 2000-Jul-31 00:00:00.0000,  6.205041514820189E-01, -8.030520017478701E-01,  1.809687531781939E-04,  1.327245754763987E-02,  1.054917376146574E-02, -8.746017916602076E-07,  5.861277465048484E-03,  1.014848733687623E+00, -2.324683942503613E-04,
2451757.500000000, A.D. 2000-Aug-01 00:00:00.0000,  6.336867604524444E-01, -7.923896081882226E-01,  1.801195881510540E-04,  1.309207179350204E-02,  1.077506385293752E-02, -8.166499276791752E-07,  5.859917956656483E-03,  1.014613342106472E+00, -2.382939384473252E-04,
2451758.500000000, A.D. 2000-Aug-02 00:00:00.0000,  6.466869460148872E-01, -7.815029966183759E-01,  1.793483825408865E-04,  1.290763948982614E-02,  1.099758789324390E-02, -7.200228686728624E-07,  5.858525269884816E-03,  1.014372205866961E+00, -2.439401039490283E-04,
2451759.500000000, A.D. 2000-Aug-03 00:00:00.0000,  6.595007497772525E-01, -7.703955903658880E-01,  1.786893291980150E-04,  1.271933807984672E-02,  1.121663962846760E-02, -5.940807706787400E-07,  5.857100719720626E-03,  1.014125552652057E+00, -2.493151007388915E-04,
2451760.500000000, A.D. 2000-Aug-04 00:00:00.0000,  6.721243907234696E-01, -7.590708951129638E-01,  1.781664039766040E-04,  1.252734166940127E-02,  1.143215929095064E-02, -4.495768352122366E-07,  5.855646062082993E-03,  1.013873686489722E+00, -2.543586865511663E-04,
2451761.500000000, A.D. 2000-Aug-05 00:00:00.0000,  6.845542536745626E-01, -7.475324575722432E-01,  1.777928629874754E-04,  1.233180609801663E-02,  1.164412228228718E-02, -2.969628570049631E-07,  5.854163308916380E-03,  1.013616955737342E+00, -2.590417192355855E-04,
2451762.500000000, A.D. 2000-Aug-06 00:00:00.0000,  6.967868673274538E-01, -7.357838373570308E-01,  1.775721265245123E-04,  1.213286296131454E-02,  1.185252514091748E-02, -1.453449854823513E-07,  5.852654565825816E-03,  1.013355724969127E+00, -2.633595244598278E-04,
2451763.500000000, A.D. 2000-Aug-07 00:00:00.0000,  7.088188800585274E-01, -7.238285920551119E-01,  1.774993600207287E-04,  1.193062057990118E-02,  1.205737374870164E-02, -2.110862753570480E-09,  5.851121915324633E-03,  1.013090354761081E+00, -2.673233889337998E-04,
2451764.500000000, A.D. 2000-Aug-08 00:00:00.0000,  7.206470387264287E-01, -7.116702720297005E-01,  1.775631774145882E-04,  1.172516846360356E-02,  1.225867577598514E-02,  1.269858974771252E-07,  5.849567346837031E-03,  1.012821189571328E+00, -2.709532271169813E-04,
2451765.500000000, A.D. 2000-Aug-09 00:00:00.0000,  7.322681724457979E-01, -6.993124207025171E-01,  1.777471376867055E-04,  1.151658241467837E-02,  1.245643711343085E-02,  2.375341619978897E-07,  5.847992722298737E-03,  1.012548551784046E+00, -2.742726665242161E-04,
2451766.500000000, A.D. 2000-Aug-10 00:00:00.0000,  7.436791810611825E-01, -6.867585769086394E-01,  1.780309262207995E-04,  1.130492865434857E-02,  1.265066106754013E-02,  3.261496173674532E-07,  5.846399763001336E-03,  1.012272739431632E+00, -2.773065391143935E-04,
2451767.500000000, A.D. 2000-Aug-11 00:00:00.0000,  7.548770269843031E-01, -6.740122772286185E-01,  1.783912528248940E-04,  1.109026638902007E-02,  1.284134901062336E-02,  3.902342553455805E-07,  5.844790045292654E-03,  1.011994025450253E+00, -2.800802103449348E-04,
2451768.500000000, A.D. 2000-Aug-12 00:00:00.0000,  7.658587288144346E-01, -6.610770573881315E-01,  1.788025640414644E-04,  1.087264884766775E-02,  1.302850145198320E-02,  4.278477991902376E-07,  5.843164996486405E-03,  1.011712656971617E+00, -2.826200683196985E-04,
2451769.500000000, A.D. 2000-Aug-13 00:00:00.0000,  7.766213553622130E-01, -6.479564526810192E-01,  1.792376834818102E-04,  1.065212312017207E-02,  1.321211882858103E-02,  4.376899909450213E-07,  5.841525886073562E-03,  1.011428853801273E+00, -2.849545709127586E-04,
2451770.500000000, A.D. 2000-Aug-14 00:00:00.0000,  7.871620190988047E-01, -6.346539979253993E-01,  1.796684811172023E-04,  1.042872925017664E-02,  1.339220160028357E-02,  4.191712503011599E-07,  5.839873810467354E-03,  1.011142805777286E+00, -2.871153673531403E-04,
2451771.500000000, A.D. 2000-Aug-15 00:00:00.0000,  7.974778685282338E-01, -6.211732277535422E-01,  1.800666433755786E-04,  1.020249906867833E-02,  1.356874947682608E-02,  3.725372639788248E-07,  5.838209671956605E-03,  1.010854669126124E+00, -2.891381323088669E-04,
2451772.500000000, A.D. 2000-Aug-16 00:00:00.0000,  8.075660794544185E-01, -6.075176781005466E-01,  1.804045784058989E-04,  9.973455217893739E-03,  1.374175981578352E-02,  2.990081468663155E-07,  5.836534154262138E-03,  1.010564562230376E+00, -2.910628815044935E-04,
2451773.500000000, A.D. 2000-Aug-17 00:00:00.0000,  8.174238455151619E-01, -5.936908896273059E-01,  1.806564522296220E-04,  9.741610704943855E-03,  1.391122540177647E-02,  2.008956612290464E-07,  5.834847698005729E-03,  1.010272561381339E+00, -2.929336850859719E-04,
2451774.500000000, A.D. 2000-Aug-18 00:00:00.0000,  8.270483686125293E-01, -5.796964135491177E-01,  1.807993199067412E-04,  9.506969152752606E-03,  1.407713190775125E-02,  8.167308457136820E-08,  5.833150479458861E-03,  1.009978697099473E+00, -2.947978386437211E-04,
2451775.500000000, A.D. 2000-Aug-19 00:00:00.0000,  8.364368499425741E-01, -5.655378200437678E-01,  1.808142984643381E-04,  9.269525732432605E-03,  1.423945531113188E-02, -5.401120210955318E-08,  5.831442395286968E-03,  1.009682951492955E+00, -2.967046442585218E-04,
2451776.500000000, A.D. 2000-Aug-20 00:00:00.0000,  8.455864822469618E-01, -5.512187092044645E-01,  1.806877272787723E-04,  9.029268651962232E-03,  1.439815939308251E-02, -2.003706648182242E-07,  5.829723055099572E-03,  1.009385256967765E+00, -2.987039418525156E-04,
2451777.500000000, A.D. 2000-Aug-21 00:00:00.0000,  8.544944437912684E-01, -5.367427244718781E-01,  1.804122704061397E-04,  8.786181121296673E-03,  1.455319325598619E-02, -3.505588374895598E-07,  5.827991783153389E-03,  1.009085496522584E+00, -3.008443902754767E-04,
2451778.500000000, A.D. 2000-Aug-22 00:00:00.0000,  8.631578945950318E-01, -5.221135686142321E-01,  1.799879189107213E-04,  8.540243943004891E-03,  1.470448868065648E-02, -4.967943066971590E-07,  5.826247631213484E-03,  1.008783505975622E+00, -3.031712613642048E-04,
2451779.500000000, A.D. 2000-Aug-23 00:00:00.0000,  8.715739757573276E-01, -5.073350224684765E-01,  1.794228304028259E-04,  8.291439224625937E-03,  1.485195726495065E-02, -6.305712364887000E-07,  5.824489406639818E-03,  1.008479078827655E+00, -3.057232842692162E-04,
2451780.500000000, A.D. 2000-Aug-24 00:00:00.0000,  8.797398133734561E-01, -4.924109665086643E-01,  1.787338837332962E-04,  8.039755985777847E-03,  1.499548775980334E-02, -7.430345897824479E-07,  5.822715722689587E-03,  1.008171974971612E+00, -3.085280399621264E-04,
2451781.500000000, A.D. 2000-Aug-25 00:00:00.0000,  8.876525293029404E-01, -4.773454045054965E-01,  1.779467342355698E-04,  7.785198318615134E-03,  1.513494483415410E-02, -8.256195229389705E-07,  5.820925080071356E-03,  1.007861934813228E+00, -3.115957865383954E-04,
2451782.500000000, A.D. 2000-Aug-26 00:00:00.0000,  8.953092613466423E-01, -4.621424868653121E-01,  1.770950692567049E-04,  7.527795888074791E-03,  1.527017134526819E-02, -8.710126035261133E-07,  5.819115986981071E-03,  1.007548700054637E+00, -3.149125580490216E-04,
2451783.500000000, A.D. 2000-Aug-27 00:00:00.0000,  9.027071943686804E-01, -4.468065289894972E-01,  1.762187672524818E-04,  7.267614820868988E-03,  1.540099633717191E-02, -8.743530040915816E-07,  5.817287116085557E-03,  1.007232040875225E+00, -3.184347526232042E-04,
2451784.500000000, A.D. 2000-Aug-28 00:00:00.0000,  9.098436009389091E-01, -4.313420183346804E-01,  1.753608501532836E-04,  7.004765091399199E-03,  1.552724954772555E-02, -8.343774652635055E-07,  5.815437480810666E-03,  1.006911786454973E+00, -3.220884046569085E-04,
2451785.500000000, A.D. 2000-Aug-29 00:00:00.0000,  9.167158857119931E-01, -4.157536045477181E-01,  1.745635076679907E-04,  6.739399965458886E-03,  1.564878004568641E-02, -7.540520237165500E-07,  5.813566595701209E-03,  1.006587852739920E+00, -3.257756717437812E-04,
2451786.500000000, A.D. 2000-Aug-30 00:00:00.0000,  9.233216242225589E-01, -4.000460711616968E-01,  1.738639171107533E-04,  6.471705385763662E-03,  1.576547336292560E-02, -6.403085798693388E-07,  5.811674578349685E-03,  1.006260260090577E+00, -3.293882060554681E-04,
2451787.500000000, A.D. 2000-Aug-31 00:00:00.0000,  9.296585868713297E-01, -3.842242935944657E-01,  1.732908023890687E-04,  6.201881779637091E-03,  1.587726088290989E-02, -5.028658322425593E-07,  5.809762163107337E-03,  1.005929135655920E+00, -3.328234276407035E-04,
2451788.500000000, A.D. 2000-Sep-01 00:00:00.0000,  9.357247434684959E-01, -3.682931930828435E-01,  1.728624709663917E-04,  5.930124548400500E-03,  1.598411850442921E-02, -3.525483219599952E-07,  5.807830626211249E-03,  1.005594700409550E+00, -3.359980234852832E-04,
2451789.500000000, A.D. 2000-Sep-02 00:00:00.0000,  9.415182503524037E-01, -3.522576966620672E-01,  1.725865297159793E-04,  5.656609573763681E-03,  1.608605658376053E-02, -1.997055921307880E-07,  5.805881651378844E-03,  1.005257245878102E+00, -3.388546838311792E-04,
2451790.500000000, A.D. 2000-Sep-03 00:00:00.0000,  9.470374269486956E-01, -3.361227094574856E-01,  1.724609355983694E-04,  5.381486734986243E-03,  1.618310630444371E-02, -5.316951411434922E-08,  5.803917177812356E-03,  1.004917107824034E+00, -3.413616847868015E-04,
2451791.500000000, A.D. 2000-Sep-04 00:00:00.0000,  9.522807295984024E-01, -3.198931002568706E-01,  1.724757630124377E-04,  5.104880532666533E-03,  1.627530740515842E-02,  8.014541622512290E-08,  5.801939265787267E-03,  1.004574642972988E+00, -3.435077461889520E-04,
2451792.500000000, A.D. 2000-Sep-05 00:00:00.0000,  9.572467283433338E-01, -3.035736974735232E-01,  1.726151071791103E-04,  4.826894829734280E-03,  1.636269988831794E-02,  1.951523376322232E-07,  5.799949997883253E-03,  1.004230211912457E+00, -3.452953158809925E-04,
2451793.500000000, A.D. 2000-Sep-06 00:00:00.0000,  9.619340892256526E-01, -2.871692912208968E-01,  1.728587533721694E-04,  4.547618712123010E-03,  1.644531999003058E-02,  2.882526603676114E-07,  5.797951417667047E-03,  1.003884168475052E+00, -3.467345960322319E-04,
2451794.500000000, A.D. 2000-Sep-07 00:00:00.0000,  9.663415621413902E-01, -2.706846376908948E-01,  1.731834690441346E-04,  4.267131508610317E-03,  1.652319938039705E-02,  3.569482926442214E-07,  5.795945497873327E-03,  1.003536854229194E+00, -3.478393908458145E-04,
2451795.500000000, A.D. 2000-Sep-08 00:00:00.0000,  9.704679728950075E-01, -2.541244632865943E-01,  1.735639379759728E-04,  3.985506101930950E-03,  1.659636623442755E-02,  3.995274089475475E-07,  5.793934126764833E-03,  1.003188596117442E+00, -3.486249406542813E-04,
2451796.500000000, A.D. 2000-Sep-09 00:00:00.0000,  9.743122176333814E-01, -2.374934672526310E-01,  1.739734417248546E-04,  3.702810393660304E-03,  1.666484699491627E-02,  4.148780256040051E-07,  5.791919101907773E-03,  1.002839705378737E+00, -3.491074534430931E-04,
2451797.500000000, A.D. 2000-Sep-10 00:00:00.0000,  9.778732579122806E-01, -2.207963225728161E-01,  1.743844245284305E-04,  3.419107162910359E-03,  1.672866795322887E-02,  4.024408041022347E-07,  5.789902122787041E-03,  1.002490476269767E+00, -3.493048993261918E-04,
2451798.500000000, A.D. 2000-Sep-11 00:00:00.0000,  9.811501149885368E-01, -2.040376756432816E-01,  1.747690758602856E-04,  3.134452739395794E-03,  1.678785603289381E-02,  3.622878173149138E-07,  5.787884776284355E-03,  1.002141183550582E+00, -3.492386110155369E-04,
2451799.500000000, A.D. 2000-Sep-12 00:00:00.0000,  9.841418624114293E-01, -1.872221457400111E-01,  1.751000427263282E-04,  2.848895027099197E-03,  1.684243836487536E-02,  2.952968689555523E-07,  5.785868511707276E-03,  1.001792078161010E+00, -3.489352214852602E-04,
2451800.500000000, A.D. 2000-Sep-13 00:00:00.0000,  9.868476165754582E-01, -1.703543256098680E-01,  1.753513453933248E-04,  2.562471517163448E-03,  1.689244045142983E-02,  2.033749975011956E-07,  5.783854604844552E-03,  1.001443380997024E+00, -3.484284411001495E-04,
2451801.500000000, A.D. 2000-Sep-14 00:00:00.0000,  9.892665255719491E-01, -1.534387845900530E-01,  1.754995163765559E-04,  2.275207989380806E-03,  1.693788298181073E-02,  8.967047186127515E-08,  5.781844113449826E-03,  1.001095275202989E+00, -3.477601668248562E-04,
2451802.500000000, A.D. 2000-Sep-15 00:00:00.0000,  9.913977573613978E-01, -1.364800754393183E-01,  1.755249176219871E-04,  1.987118545826457E-03,  1.697877768430402E-02, -4.129378691365871E-08,  5.779837829326686E-03,  1.000747897875448E+00, -3.469804905540164E-04,
2451803.500000000, A.D. 2000-Sep-16 00:00:00.0000,  9.932404888314672E-01, -1.194827455258927E-01,  1.754131268851287E-04,  1.698207388528841E-03,  1.701512289148148E-02, -1.836230666370012E-07,  5.777836234170207E-03,  1.000401332417317E+00, -3.461463742638456E-04,
2451804.500000000, A.D. 2000-Sep-17 00:00:00.0000,  9.947938975351328E-01, -1.024513522554876E-01,  1.751562389598715E-04,  1.408472371929175E-03,  1.704689962788580E-02, -3.302203427554735E-07,  5.775839466832386E-03,  1.000055602870074E+00, -3.453190553080778E-04,
2451805.500000000, A.D. 2000-Sep-18 00:00:00.0000,  9.960571577308979E-01, -8.539048185051837E-02,  1.747539153836842E-04,  1.117909968169349E-03,  1.707406891273891E-02, -4.731157796548416E-07,  5.773847308473173E-03,  9.997106713427388E-01, -3.445605200253703E-04,
2451806.500000000, A.D. 2000-Sep-19 00:00:00.0000,  9.970294418545018E-01, -6.830477004799115E-02,  1.742140389493101E-04,  8.265210641292787E-04,  1.709657065122807E-02, -6.039202069865952E-07,  5.771859189674640E-03,  9.993664392436539E-01, -3.439294971352770E-04,
2451807.500000000, A.D. 2000-Sep-20 00:00:00.0000,  9.977099279754061E-01, -5.119892308435435E-02,  1.735528711142969E-04,  5.343170637566031E-04,  1.711432415743302E-02, -7.143594414429107E-07,  5.769874221203853E-03,  9.990227526069098E-01, -3.434773132685992E-04,
2451808.500000000, A.D. 2000-Sep-21 00:00:00.0000,  9.980978133786687E-01, -3.407773737606892E-02,  1.727946470818029E-04,  2.413260099881709E-04,  1.712723023446116E-02, -7.968620144016521E-07,  5.767891248809485E-03,  9.986794115800836E-01, -3.432437123941301E-04,
2451809.500000000, A.D. 2000-Sep-22 00:00:00.0000,  9.981923342309290E-01, -1.694611630900264E-02,  1.719705598825982E-04, -5.240138913741692E-05,  1.713517492322486E-02, -8.451930960895553E-07,  5.765908932396952E-03,  9.983361841329915E-01, -3.432525866124228E-04,
2451810.500000000, A.D. 2000-Sep-23 00:00:00.0000,  9.979927911220097E-01,  1.909177287879496E-04,  1.711170906837248E-04, -3.467861238005469E-04,  1.713803536277018E-02, -8.551238020352465E-07,  5.763925849963152E-03,  9.979928240534285E-01, -3.435077235932981E-04,
2451811.500000000, A.D. 2000-Sep-24 00:00:00.0000,  9.974985797043732E-01,  1.732821846369919E-02,  1.702736732713831E-04, -6.417165412770649E-04,  1.713568829484172E-02, -8.250775232516046E-07,  5.761940624664182E-03,  9.976490929482628E-01, -3.439892153588942E-04,
2451812.500000000, A.D. 2000-Sep-25 00:00:00.0000,  9.967092243575955E-01,  3.446052070813561E-02,  1.694797784106849E-04, -9.370469609653489E-04,  1.712802117008393E-02, -7.566136632965032E-07,  5.759952067642402E-03,  9.973047849731749E-01, -3.446518605336018E-04,
2451813.500000000, A.D. 2000-Sep-26 00:00:00.0000,  9.956244109562365E-01,  5.158245723430504E-02,  1.687716791634161E-04, -1.232601126982099E-03,  1.711494448198072E-02, -6.545471851346090E-07,  5.757959320374999E-03,  9.969597514795477E-01, -3.454271741103103E-04,
2451814.500000000, A.D. 2000-Sep-27 00:00:00.0000,  9.942440133161119E-01,  6.868858744723208E-02,  1.681793539338578E-04, -1.528181393339211E-03,  1.709640246370114E-02, -5.265354128353536E-07,  5.755961972458629E-03,  9.966139214082453E-01, -3.462299161869860E-04,
2451815.500000000, A.D. 2000-Sep-28 00:00:00.0000,  9.925681080089863E-01,  8.577343451074770E-02,  1.677240809862333E-04, -1.823582387557598E-03,  1.707237879024056E-02, -3.821261023329371E-07,  5.753960130064539E-03,  9.962673131422489E-01, -3.469683443800510E-04,
2451816.500000000, A.D. 2000-Sep-29 00:00:00.0000,  9.905969746393204E-01,  1.028315247324940E-01,  1.674171717442280E-04, -2.118605735086376E-03,  1.704289525879869E-02, -2.314846260043946E-07,  5.751954420404371E-03,  9.959200352798879E-01, -3.475555795690366E-04,
2451817.500000000, A.D. 2000-Sep-30 00:00:00.0000,  9.883310825876184E-01,  1.198574222649795E-01,  1.672599891383052E-04, -2.413071787784349E-03,  1.700800407847571E-02, -8.415898433634428E-08,  5.749945935288505E-03,  9.955722768622695E-01, -3.479188279853407E-04,
2451818.500000000, A.D. 2000-Oct-01 00:00:00.0000,  9.857710687236331E-01,  1.368457540820614E-01,  1.672450430174294E-04, -2.706825713295372E-03,  1.696777674254606E-02,  5.179892834263118E-08,  5.747936133420228E-03,  9.952242904560389E-01, -3.480042312795567E-04,
2451819.500000000, A.D. 2000-Oct-02 00:00:00.0000,  9.829177120263234E-01,  1.537912236527336E-01,  1.673577206943480E-04, -2.999737758367992E-03,  1.692229310672564E-02,  1.702202774907239E-07,  5.745926728447500E-03,  9.948763727701418E-01, -3.477770617764441E-04,
2451820.500000000, A.D. 2000-Oct-03 00:00:00.0000,  9.797719101681824E-01,  1.706886149409339E-01,  1.675781776646485E-04, -3.291699444447237E-03,  1.687163325269512E-02,  2.667753351887533E-07,  5.743919586388483E-03,  9.945288468956085E-01, -3.472185820088156E-04,
2451821.500000000, A.D. 2000-Oct-04 00:00:00.0000,  9.763346609334816E-01,  1.875327900962773E-01,  1.678830380707902E-04, -3.582618089816125E-03,  1.681587302167752E-02,  3.386684917038727E-07,  5.741916646264626E-03,  9.941820485635944E-01, -3.463214568756740E-04,
2451822.500000000, A.D. 2000-Oct-05 00:00:00.0000,  9.726070491008628E-01,  2.043186843622952E-01,  1.682467353877478E-04, -3.872411618456312E-03,  1.675508276816505E-02,  3.842501781257921E-07,  5.739919867452957E-03,  9.938363170297166E-01, -3.450853013039486E-04,
2451823.500000000, A.D. 2000-Oct-06 00:00:00.0000,  9.685902378687693E-01,  2.210413009138283E-01,  1.686424798653377E-04, -4.161004786121607E-03,  1.668932827035366E-02,  4.026749019867301E-07,  5.737931199946221E-03,  9.934919899247515E-01, -3.435133034373672E-04,
2451824.500000000, A.D. 2000-Oct-07 00:00:00.0000,  9.642854631522290E-01,  2.376957072093923E-01,  1.690429388195370E-04, -4.448327234603455E-03,  1.661867267446195E-02,  3.936765823397734E-07,  5.735952569997530E-03,  9.931494007690872E-01, -3.416103021596291E-04,
2451825.500000000, A.D. 2000-Oct-08 00:00:00.0000,  9.596940289140307E-01,  2.542770334022619E-01,  1.694207638312423E-04, -4.734313338505350E-03,  1.654317852791961E-02,  3.574890324328133E-07,  5.733985872515408E-03,  9.928088776559638E-01, -3.393823623713942E-04,
2451826.500000000, A.D. 2000-Oct-09 00:00:00.0000,  9.548173018607751E-01,  2.707804725088933E-01,  1.697491122733794E-04, -5.018903568145639E-03,  1.646290914802916E-02,  2.949126609288983E-07,  5.732032961838565E-03,  9.924707416541764E-01, -3.368377335170271E-04,
2451827.500000000, A.D. 2000-Oct-10 00:00:00.0000,  9.496567041972989E-01,  2.872012813509621E-01,  1.700023019048366E-04, -5.302046919819272E-03,  1.637792870643322E-02,  2.075092556834912E-07,  5.730095633463248E-03,  9.921353036442625E-01, -3.339889796467181E-04,
2451828.500000000, A.D. 2000-Oct-11 00:00:00.0000,  9.442137036811377E-01,  3.035347807266432E-01,  1.701567086958360E-04, -5.583703754248056E-03,  1.628830053477290E-02,  9.788473589736066E-08,  5.728175590888374E-03,  9.918028585779173E-01, -3.308559269930225E-04,
2451829.500000000, A.D. 2000-Oct-12 00:00:00.0000,  9.384898010092003E-01,  3.197763528743199E-01,  1.701919636673020E-04, -5.863848116790798E-03,  1.619408339038211E-02, -3.001004176324958E-08,  5.726274394429290E-03,  9.914736766153676E-01, -3.274688378737463E-04,
2451830.500000000, A.D. 2000-Oct-13 00:00:00.0000,  9.324865156168073E-01,  3.359214342369563E-01,  1.700924180773044E-04, -6.142468393128396E-03,  1.609532587551032E-02, -1.706626981739352E-07,  5.724393393096066E-03,  9.911479913304665E-01, -3.238709339253966E-04,
2451831.500000000, A.D. 2000-Oct-14 00:00:00.0000,  9.262053721264029E-01,  3.519655020543504E-01,  1.698487332332480E-04, -6.419565196963986E-03,  1.599205988172718E-02, -3.169861893569801E-07,  5.722533646304507E-03,  9.908259861553750E-01, -3.201192189749000E-04,
2451832.500000000, A.D. 2000-Oct-15 00:00:00.0000,  9.196478905715861E-01,  3.679040545416441E-01,  1.694593391985096E-04, -6.695145906146767E-03,  1.588429462238910E-02, -4.606055251445642E-07,  5.720695847983855E-03,  9.905077812402165E-01, -3.162827173427451E-04,
2451833.500000000, A.D. 2000-Oct-16 00:00:00.0000,  9.128155836372743E-01,  3.837325861767331E-01,  1.689314435475140E-04, -6.969216260848879E-03,  1.577201311740941E-02, -5.924660092399142E-07,  5.718880269151294E-03,  9.901934235101617E-01, -3.124378718591299E-04,
2451834.500000000, A.D. 2000-Oct-17 00:00:00.0000,  9.057099631757325E-01,  3.994465613319533E-01,  1.682813019928271E-04, -7.241770541287799E-03,  1.565517255600494E-02, -7.036784989575585E-07,  5.717086733877187E-03,  9.898828825039380E-01, -3.086617715475601E-04,
2451835.500000000, A.D. 2000-Oct-18 00:00:00.0000,  8.983325563724235E-01,  4.150413903888213E-01,  1.675335940565116E-04, -7.512782449348657E-03,  1.553370883786417E-02, -7.864319321444090E-07,  5.715314637285959E-03,  9.895760534905866E-01, -3.050246415321418E-04,
2451836.500000000, A.D. 2000-Oct-19 00:00:00.0000,  8.906849298756279E-01,  4.305124121263062E-01,  1.667199310665406E-04, -7.782198538289786E-03,  1.540754433585761E-02, -8.347885956130250E-07,  5.713563005183024E-03,  9.892727677935433E-01, -3.015831742979371E-04,
2451837.500000000, A.D. 2000-Oct-20 00:00:00.0000,  8.827687188132562E-01,  4.458548847974505E-01,  1.658766829709476E-04, -8.049935058054729E-03,  1.527659722003083E-02, -8.452381320684202E-07,  5.711830587049321E-03,  9.889728088921453E-01, -2.983757507254889E-04,
2451838.500000000, A.D. 2000-Oct-21 00:00:00.0000,  8.745856572921444E-01,  4.610639866480392E-01,  1.650423892533275E-04, -8.315878054909309E-03,  1.514079080832929E-02, -8.169763982399064E-07,  5.710115970424614E-03,  9.886759322264832E-01, -2.954197921050606E-04,
2451839.500000000, A.D. 2000-Oct-22 00:00:00.0000,  8.661376074460120E-01,  4.761348253967458E-01,  1.642550179871582E-04, -8.579886056535667E-03,  1.500006204672232E-02, -7.519373271287434E-07,  5.708417705128128E-03,  9.883818867055399E-01, -2.927109298659055E-04,
2451840.500000000, A.D. 2000-Oct-23 00:00:00.0000,  8.574265847560323E-01,  4.910624556074100E-01,  1.635493003215509E-04, -8.841794776609374E-03,  1.485436878137118E-02, -6.546146870691780E-07,  5.706734427951926E-03,  9.880904362971775E-01, -2.902236320393301E-04,
2451841.500000000, A.D. 2000-Oct-24 00:00:00.0000,  8.484547777614025E-01,  5.058419026383019E-01,  1.629543421515186E-04, -9.101423614018878E-03,  1.470369558222643E-02, -5.316856956673454E-07,  5.705064979748494E-03,  9.878013803012252E-01, -2.879132312719840E-04,
2451842.500000000, A.D. 2000-Oct-25 00:00:00.0000,  8.392245604207358E-01,  5.204681914798206E-01,  1.624917131185517E-04, -9.358583810750590E-03,  1.454805757330917E-02, -3.914327984722309E-07,  5.703408506265960E-03,  9.875145708085573E-01, -2.857195650154408E-04,
2451843.500000000, A.D. 2000-Oct-26 00:00:00.0000,  8.297384956812954E-01,  5.349363780828287E-01,  1.621742078379164E-04, -9.613087734348392E-03,  1.438750144261293E-02, -2.429856803056389E-07,  5.701764532973962E-03,  9.872299256567884E-01, -2.835723232330898E-04,
2451844.500000000, A.D. 2000-Oct-27 00:00:00.0000,  8.199993296823893E-01,  5.492415799983225E-01,  1.620054224669933E-04, -9.864758072589254E-03,  1.422210300014244E-02, -9.546866472973930E-08,  5.700133004971410E-03,  9.869474353400884E-01, -2.813976609359688E-04,
2451845.500000000, A.D. 2000-Oct-28 00:00:00.0000,  8.100099774930034E-01,  5.633790028717128E-01,  1.619801722132195E-04, -1.011343529189728E-02,  1.405196144225286E-02,  4.280158653601115E-08,  5.698514287548201E-03,  9.866671631064436E-01, -2.791249884493908E-04,
2451846.500000000, A.D. 2000-Oct-29 00:00:00.0000,  7.997735028745481E-01,  5.773439600062505E-01,  1.620856204958094E-04, -1.035898195497828E-02,  1.387719149385655E-02,  1.649144821488728E-07,  5.696909130349985E-03,  9.863892387529741E-01, -2.766925632053628E-04,
2451847.500000000, A.D. 2000-Oct-30 00:00:00.0000,  7.892930955528999E-01,  5.911318837537362E-01,  1.623028609473859E-04, -1.060128339491689E-02,  1.369791523784845E-02,  2.656643545400821E-07,  5.695318605429720E-03,  9.861138478998956E-01, -2.740508177799129E-04,
2451848.500000000, A.D. 2000-Oct-31 00:00:00.0000,  7.785720494351336E-01,  6.047383293152229E-01,  1.626086440968638E-04, -1.084024532561832E-02,  1.351425534556636E-02,  3.415486770554880E-07,  5.693744033587931E-03,  9.858412192367300E-01, -2.711631033214112E-04,
2451849.500000000, A.D. 2000-Nov-01 00:00:00.0000,  7.676137442201154E-01,  6.181589729325702E-01,  1.629769831664126E-04, -1.107578968899636E-02,  1.332633072286499E-02,  3.905460785957343E-07,  5.692186912969627E-03,  9.855716121592443E-01, -2.680042869034671E-04,
2451850.500000000, A.D. 2000-Nov-02 00:00:00.0000,  7.564216314384867E-01,  6.313896070282460E-01,  1.633804762668221E-04, -1.130785017048574E-02,  1.313425472113362E-02,  4.117910390697329E-07,  5.690648859892011E-03,  9.853053065240869E-01, -2.645580796436760E-04,
2451851.500000000, A.D. 2000-Nov-03 00:00:00.0000,  7.449992246592333E-01,  6.444261346489746E-01,  1.637912981571565E-04, -1.153636849707316E-02,  1.293813541592856E-02,  4.052542069807151E-07,  5.689131566500238E-03,  9.850425953171092E-01, -2.608140245864645E-04,
2451852.500000000, A.D. 2000-Nov-04 00:00:00.0000,  7.333500927209596E-01,  6.572645648942371E-01,  1.641819089414677E-04, -1.176129215861403E-02,  1.273807715641260E-02,  3.715059141150544E-07,  5.687636774959385E-03,  9.847837801848435E-01, -2.567648851782811E-04,
2451853.500000000, A.D. 2000-Nov-05 00:00:00.0000,  7.214778544202762E-01,  6.699010101787658E-01,  1.645255873991302E-04, -1.198257378387385E-02,  1.253418254863390E-02,  3.116068188734168E-07,  5.686166264315683E-03,  9.845291691595964E-01, -2.524049357236166E-04,
2451854.500000000, A.D. 2000-Nov-06 00:00:00.0000,  7.093861730082726E-01,  6.823316853690812E-01,  1.647969269059308E-04, -1.220017212197992E-02,  1.232655409626375E-02,  2.271437221296840E-07,  5.684721843814266E-03,  9.842790755024514E-01, -2.477294793650770E-04,
2451855.500000000, A.D. 2000-Nov-07 00:00:00.0000,  6.970787490022895E-01,  6.945529080852744E-01,  1.649724398243565E-04, -1.241405436894385E-02,  1.211529477092241E-02,  1.204087452699814E-07,  5.683305344895129E-03,  9.840338163174142E-01, -2.427358189021155E-04,
2451856.500000000, A.D. 2000-Nov-08 00:00:00.0000,  6.845593101988510E-01,  7.065610987425748E-01,  1.650314037169734E-04, -1.262419932591945E-02,  1.190050680731673E-02, -5.302787843968142E-09,  5.681918603040808E-03,  9.837937094084335E-01, -2.374258095313475E-04,
2451857.500000000, A.D. 2000-Nov-09 00:00:00.0000,  6.718315984668438E-01,  7.183527782384563E-01,  1.649570414314992E-04, -1.283060049085607E-02,  1.168228811739208E-02, -1.453366044546880E-07,  5.680563420435974E-03,  9.835590668141131E-01, -2.318099069163269E-04,
2451858.500000000, A.D. 2000-Nov-10 00:00:00.0000,  6.588993540426232E-01,  7.299245607394003E-01,  1.647380409521281E-04, -1.303326769028978E-02,  1.146072609074887E-02, -2.933796088597261E-07,  5.679241502083481E-03,  9.833301837465455E-01, -2.259121673011868E-04,
2451859.500000000, A.D. 2000-Nov-11 00:00:00.0000,  6.457662996529878E-01,  7.412731391674342E-01,  1.643702787508224E-04, -1.323222549104086E-02,  1.123588939395698E-02, -4.413840556186824E-07,  5.677954363112859E-03,  9.831073225422763E-01, -2.197749490040561E-04,
2451860.500000000, A.D. 2000-Nov-12 00:00:00.0000,  6.324361285071289E-01,  7.523952622180637E-01,  1.638584294454582E-04, -1.342750686900137E-02,  1.100781966525109E-02, -5.798980110901687E-07,  5.676703214376626E-03,  9.828906928539202E-01, -2.134613673676439E-04,
2451861.500000000, A.D. 2000-Nov-13 00:00:00.0000,  6.189125011670940E-01,  7.632877042738047E-01,  1.632169930156845E-04, -1.361914191581991E-02,  1.077652617943758E-02, -6.989036237851439E-07,  5.675488845435694E-03,  9.826804313897118E-01, -2.070534498234059E-04,
2451862.500000000, A.D. 2000-Nov-14 00:00:00.0000,  6.051990554512702E-01,  7.739472328205593E-01,  1.624702573900665E-04, -1.380714360438297E-02,  1.054198662153901E-02, -7.890733554854589E-07,  5.674311533438592E-03,  9.824765861364306E-01, -2.006450073861842E-04,
2451863.500000000, A.D. 2000-Nov-15 00:00:00.0000,  5.912994304011933E-01,  7.843705803770045E-01,  1.616509189399987E-04, -1.399149466670691E-02,  1.030415532607009E-02, -8.431311954921921E-07,  5.673171006223170E-03,  9.822791099706611E-01, -1.943303770140922E-04,
2451864.500000000, A.D. 2000-Nov-16 00:00:00.0000,  5.772173009703560E-01,  7.945544278174803E-01,  1.607974638304983E-04, -1.417213987405127E-02,  1.006297728725639E-02, -8.569033393453643E-07,  5.672066474973957E-03,  9.820878663132389E-01, -1.881922286033692E-04,
2451865.500000000, A.D. 2000-Nov-17 00:00:00.0000,  5.629564166893285E-01,  8.044954029166737E-01,  1.599507889911230E-04, -1.434898590575235E-02,  9.818403808350213E-03, -8.297583407879736E-07,  5.670996730977780E-03,  9.819026458819656E-01, -1.822920982053578E-04,
2451866.500000000, A.D. 2000-Nov-18 00:00:00.0000,  5.485206369459696E-01,  8.141900935062216E-01,  1.591507144114028E-04, -1.452190785906762E-02,  9.570405472452352E-03, -7.644016690834037E-07,  5.669960283372923E-03,  9.817231905421365E-01, -1.766658314115128E-04,
2451867.500000000, A.D. 2000-Nov-19 00:00:00.0000,  5.339139576752078E-01,  8.236350711583260E-01,  1.584329468068376E-04, -1.469075934079257E-02,  9.318980042320847E-03, -6.662233080937973E-07,  5.668955508789218E-03,  9.815492192159203E-01, -1.713238346852206E-04,
2451868.500000000, A.D. 2000-Nov-20 00:00:00.0000,  5.191405275313613E-01,  8.328269201661793E-01,  1.578268035576904E-04, -1.485538296307990E-02,  9.064155323985660E-03, -5.424726858566474E-07,  5.667980789523520E-03,  9.813804518067006E-01, -1.662544541897054E-04,
2451869.500000000, A.D. 2000-Nov-21 00:00:00.0000,  5.042046542247259E-01,  8.417622674678795E-01,  1.573537577487614E-04, -1.501561933137965E-02,  8.805988486035893E-03, -4.014656850453897E-07,  5.667034627925691E-03,  9.812166290043940E-01, -1.614285532233863E-04,
2451870.500000000, A.D. 2000-Nov-22 00:00:00.0000,  4.891108028699028E-01,  8.504378108209435E-01,  1.570267199744928E-04, -1.517131404509480E-02,  8.544563475213084E-03, -2.519094203081150E-07,  5.666115734126087E-03,  9.810575274749951E-01, -1.568040325416807E-04,
2451871.500000000, A.D. 2000-Nov-23 00:00:00.0000,  4.738635882014728E-01,  8.588503438987963E-01,  1.568499347346317E-04, -1.532232304422297E-02,  8.279987551671269E-03, -1.023442278743267E-07,  5.665223088968795E-03,  9.809029707571273E-01, -1.523298854160279E-04,
2451872.500000000, A.D. 2000-Nov-24 00:00:00.0000,  4.584677620815081E-01,  8.669967776448849E-01,  1.568193877168011E-04, -1.546851673107532E-02,  8.012387284284175E-03,  3.932398843427793E-08,  5.664355984649071E-03,  9.807528362981983E-01, -1.479499015064339E-04,
2451873.500000000, A.D. 2000-Nov-25 00:00:00.0000,  4.429281974300049E-01,  8.748741573569981E-01,  1.569236407953016E-04, -1.560978299290797E-02,  7.741904012166029E-03,  1.662105976384012E-07,  5.663514044466906E-03,  9.806070588746240E-01, -1.436062151326927E-04,
2451874.500000000, A.D. 2000-Nov-26 00:00:00.0000,  4.272498697515694E-01,  8.824796749876593E-01,  1.571450064748777E-04, -1.574602894133917E-02,  7.468688849618165E-03,  2.727393122144017E-07,  5.662697222508295E-03,  9.804656305366400E-01, -1.392426808089765E-04,
2451875.500000000, A.D. 2000-Nov-27 00:00:00.0000,  4.114378376723437E-01,  8.898106763604618E-01,  1.574609461961930E-04, -1.587718112285868E-02,  7.192897598833850E-03,  3.547979301661674E-07,  5.661905784960245E-03,  9.803285973730981E-01, -1.348077946502295E-04,
2451876.500000000, A.D. 2000-Nov-28 00:00:00.0000,  3.954972240548030E-01,  8.968646634993573E-01,  1.578455500124146E-04, -1.600318417787201E-02,  6.914686172365749E-03,  4.097446375311209E-07,  5.661140276826533E-03,  9.801960537484775E-01, -1.302567644901517E-04,
2451877.500000000, A.D. 2000-Nov-29 00:00:00.0000,  3.794331991031220E-01,  9.036392928956896E-01,  1.582709519460521E-04, -1.612399828606349E-02,  6.634207133936597E-03,  4.362782108108813E-07,  5.660401479908781E-03,  9.800681350275323E-01, -1.255524336853348E-04,
2451878.500000000, A.D. 2000-Nov-30 00:00:00.0000,  3.632509663746373E-01,  9.101323710442986E-01,  1.587085653390503E-04, -1.623959602877407E-02,  6.351607729067917E-03,  4.342174088424624E-07,  5.659690368935370E-03,  9.799450099792505E-01, -1.206650153507168E-04,
2451879.500000000, A.D. 2000-Dec-01 00:00:00.0000,  3.469557519158321E-01,  9.163418487760503E-01,  1.591300782788682E-04, -1.634995939536123E-02,  6.067029419559962E-03,  4.042527716569501E-07,  5.659008072172744E-03,  9.798268739569110E-01, -1.155708621529612E-04,
2451880.500000000, A.D. 2000-Dec-02 00:00:00.0000,  3.305527960508909E-01,  9.222658157570469E-01,  1.595082137454210E-04, -1.645507756045061E-02,  5.780608608424990E-03,  3.477339927534882E-07,  5.658355840972662E-03,  9.797139436253540E-01, -1.102506790439434E-04,
2451881.500000000, A.D. 2000-Dec-03 00:00:00.0000,  3.140473468240590E-01,  9.279024960937688E-01,  1.598173166535197E-04, -1.655494584900217E-02,  5.492478027229393E-03,  2.665433401515311E-07,  5.657735030098668E-03,  9.796064535546161E-01, -1.046876595375632E-04,
2451882.500000000, A.D. 2000-Dec-04 00:00:00.0000,  2.974446537963794E-01,  9.332502453939892E-01,  1.600338718541897E-04, -1.664956607484230E-02,  5.202768148443013E-03,  1.630881684579501E-07,  5.657147087862378E-03,  9.795046545120799E-01, -9.886603313543898E-05,
2451883.500000000, A.D. 2000-Dec-05 00:00:00.0000,  2.807499608230881E-01,  9.383075489637337E-01,  1.601370812032515E-04, -1.673894821537150E-02,  4.911607924012327E-03,  4.042743908889821E-08,  5.656593552291665E-03,  9.794088127990169E-01, -9.277051153010633E-05,
2451884.500000000, A.D. 2000-Dec-06 00:00:00.0000,  2.639684965982542E-01,  9.430730200933921E-01,  1.601096325086884E-04, -1.682311312618873E-02,  4.619124095097362E-03, -9.747443890336404E-08,  5.656076046688903E-03,  9.793192094815196E-01, -8.638713941305964E-05,
2451885.500000000, A.D. 2000-Dec-07 00:00:00.0000,  2.471054622280730E-01,  9.475453966148468E-01,  1.599387709927756E-04, -1.690209561318612E-02,  4.325438301186002E-03, -2.454070856249521E-07,  5.655596265011212E-03,  9.792361378591722E-01, -7.970604302844384E-05,
2451886.500000000, A.D. 2000-Dec-08 00:00:00.0000,  2.301660160499290E-01,  9.517235332047279E-01,  1.596177173335079E-04, -1.697594660188810E-02,  4.030661401573958E-03, -3.965836019077336E-07,  5.655155935076334E-03,  9.791598970943421E-01, -7.272637624162689E-05,
2451887.500000000, A.D. 2000-Dec-09 00:00:00.0000,  2.131552575124143E-01,  9.556063866044343E-01,  1.591473425550013E-04, -1.704473247821958E-02,  3.734885095254098E-03, -5.424927384719121E-07,  5.654756747356222E-03,  9.790907798831749E-01, -6.546316033177735E-05,
2451888.500000000, A.D. 2000-Dec-10 00:00:00.0000,  1.960782140679134E-01,  9.591929916539206E-01,  1.585378024417408E-04, -1.710852937509577E-02,  3.438172332566347E-03, -6.731686742772103E-07,  5.654400241980328E-03,  9.790290528908197E-01, -5.795454818864436E-05,
2451889.500000000, A.D. 2000-Dec-11 00:00:00.0000,  1.789398369502916E-01,  9.624824284767145E-01,  1.578096023358319E-04, -1.716741105735052E-02,  3.140549924811494E-03, -7.780837716842194E-07,  5.654087659275179E-03,  9.789749308731563E-01, -5.026659857490605E-05,
2451890.500000000, A.D. 2000-Dec-12 00:00:00.0000,  1.617450118750718E-01,  9.654737853095287E-01,  1.569934437006677E-04, -1.722143171532406E-02,  2.842007994436594E-03, -8.476653427531628E-07,  5.653819778695468E-03,  9.789285487885816E-01, -4.249196140164074E-05,
2451891.500000000, A.D. 2000-Dec-13 00:00:00.0000,  1.444985875551284E-01,  9.681661257581703E-01,  1.561283742790905E-04, -1.727060863791808E-02,  2.542509659381607E-03, -8.750815260742331E-07,  5.653596788840152E-03,  9.788899392919930E-01, -3.474033497575789E-05,
2451892.500000000, A.D. 2000-Dec-14 00:00:00.0000,  1.272054186722715E-01,  9.705584706848454E-01,  1.552582819338320E-04, -1.731491175752909E-02,  2.242009984622745E-03, -8.576520604759827E-07,  5.653418233454328E-03,  9.788590233853023E-01, -2.712234344031318E-05,
2451893.500000000, A.D. 2000-Dec-15 00:00:00.0000,  1.098704136499977E-01,  9.726498013030176E-01,  1.544274219488229E-04, -1.735426489512423E-02,  1.940478130087433E-03, -7.973025545993573E-07,  5.653283056853353E-03,  9.788356182823804E-01, -1.973234087640726E-05,
2451894.500000000, A.D. 2000-Dec-16 00:00:00.0000,  9.249857539669325E-02,  9.744390826724358E-01,  1.536760471380252E-04, -1.738855794740518E-02,  1.637914812353079E-03, -6.999300105735924E-07,  5.653189736260494E-03,  9.788194603226089E-01, -1.263638408997303E-05,
2451895.500000000, A.D. 2000-Dec-17 00:00:00.0000,  7.509502663799916E-02,  9.759253000697234E-01,  1.530370744635597E-04, -1.741766436780028E-02,  1.334360212333602E-03, -5.740568047382272E-07,  5.653136460024619E-03,  9.788102358283182E-01, -5.868519443947931E-06,
2451896.500000000, A.D. 2000-Dec-18 00:00:00.0000,  5.766501790841104E-02,  9.771074984109179E-01,  1.525342085635406E-04, -1.744145743801449E-02,  1.029892595980138E-03, -4.293559055847013E-07,  5.653121305167331E-03,  9.788076118461198E-01,  5.657466084439468E-07,
2451897.500000000, A.D. 2000-Dec-19 00:00:00.0000,  4.021392162256623E-02,  9.779848171354557E-01,  1.521814122092144E-04, -1.745982150233721E-02,  7.246213507799956E-04, -2.754800238962934E-07,  5.653142382511208E-03,  9.788112612750831E-01,  6.682334104509842E-06,
2451898.500000000, A.D. 2000-Dec-20 00:00:00.0000,  2.274721773249957E-02,  9.785565170842361E-01,  1.519833246526476E-04, -1.747265770779640E-02,  4.186785214990602E-04, -1.213385054699695E-07,  5.653197938635332E-03,  9.788208805197871E-01,  1.251120438244382E-05,
2451899.500000000, A.D. 2000-Dec-21 00:00:00.0000,  5.270475784338730E-03,  9.788219993143723E-01,  1.519362038382692E-04, -1.747988579516025E-02,  1.122114193694844E-04,  2.524962009806337E-08,  5.653286419261606E-03,  9.788362004653222E-01,  1.809055987575558E-05,
2451900.500000000, A.D. 2000-Dec-22 00:00:00.0000, -1.221066365731665E-02,  9.787808174653404E-01,  1.520290894023131E-04, -1.748144386330250E-02, -1.946228616234362E-04,  1.576753968935056E-07,  5.653406504899799E-03,  9.788569926490367E-01,  2.346301023085190E-05,
2451901.500000000, A.D. 2000-Dec-23 00:00:00.0000, -2.969050694414149E-02,  9.784326855077897E-01,  1.522450277735351E-04, -1.747728748976068E-02, -5.016612916590790E-04,  2.705615240041736E-07,  5.653557129038185E-03,  9.788830724101495E-01,  2.867325296446020E-05,
2451902.500000000, A.D. 2000-Dec-24 00:00:00.0000, -4.716332437114250E-02,  9.777774821932957E-01,  1.525623024799970E-04, -1.746738884547967E-02, -8.087377669874213E-04,  3.597584143924886E-07,  5.653737485679053E-03,  9.789143001944831E-01,  3.376659566179582E-05,
2451903.500000000, A.D. 2000-Dec-25 00:00:00.0000, -6.462336636144901E-02,  9.768152528920228E-01,  1.529556578128372E-04, -1.745173587578181E-02, -1.115685542324206E-03,  4.223348239462309E-07,  5.653947029433115E-03,  9.789505815708093E-01,  3.878779101195358E-05,
2451904.500000000, A.D. 2000-Dec-26 00:00:00.0000, -8.206487878602695E-02,  9.755462090928815E-01,  1.533975063080053E-04, -1.743033134889291E-02, -1.422339488502589E-03,  4.565516267978610E-07,  5.654185469125400E-03,  9.789918661237448E-01,  4.377993813059604E-05,
2451905.500000000, A.D. 2000-Dec-27 00:00:00.0000, -9.948211717629513E-02,  9.739707257424109E-01,  1.538590933689693E-04, -1.740319157011382E-02, -1.728538130337925E-03,  4.617995881434701E-07,  5.654452755241879E-03,  9.790381452802018E-01,  4.878346877823902E-05,
2451906.500000000, A.D. 2000-Dec-28 00:00:00.0000, -1.168693594601239E-01,  9.720893367440023E-01,  1.543115773540100E-04, -1.737034472702709E-02, -2.034125246340988E-03,  4.384926045328759E-07,  5.654749062175598E-03,  9.790894492353989E-01,  5.383539571895409E-05,
2451907.500000000, A.D. 2000-Dec-29 00:00:00.0000, -1.342209169259795E-01,  9.699027291725715E-01,  1.547269842670664E-04, -1.733182904695850E-02, -2.338950809555777E-03,  3.879271081981091E-07,  5.655074767382016E-03,  9.791458433437241E-01,  5.896902235132559E-05,
2451908.500000000, A.D. 2000-Dec-30 00:00:00.0000, -1.515311433884205E-01,  9.674117369198250E-01,  1.550790162105763E-04, -1.728769110640766E-02, -2.642871188726064E-03,  3.121360087884057E-07,  5.655430430480174E-03,  9.792074245002108E-01,  6.421422018606032E-05,
2451909.500000000, A.D. 2000-Dec-31 00:00:00.0000, -1.687944429008687E-01,  9.646173344629797E-01,  1.553437266649635E-04, -1.723798467779641E-02, -2.945748740555895E-03,  2.137749293569411E-07,  5.655816775521368E-03,  9.792743180704537E-01,  6.959822621769304E-05,
2451910.500000000, A.D. 2001-Jan-01 00:00:00.0000, -1.860052767209217E-01,  9.615206312103981E-01,  1.555001138115683E-04, -1.718277042955478E-02, -3.247451137081994E-03,  9.607763630292103E-08,  5.656234678888375E-03,  9.793466757954277E-01,  7.514674648761523E-05,
